Time (s)	Voltage (V)	Current (uA)
0.01	-0.4005	33.30981
0.02	-0.401	29.53779
0.03	-0.4015	30.66443
0.04	-0.402	26.38807
0.05	-0.4025	27.59257
0.06	-0.403	33.20534
0.07	-0.4035	25.79946
0.08	-0.404	21.02563
0.09	-0.4045	29.68234
0.1	-0.405	31.19913
0.11	-0.4055	31.32945
0.12	-0.406	31.03028
0.13	-0.4065	29.42177
0.14	-0.407	23.21395
0.15	-0.4075	33.16749
0.16	-0.408	33.95708
0.17	-0.4085	27.36092
0.18	-0.409	21.00945
0.19	-0.4095	28.82301
0.2	-0.41	26.65308
0.21	-0.4105	34.22813
0.22	-0.411	24.8812
0.23	-0.4115	29.78291
0.24	-0.412001	17.09495
0.25	-0.412501	7.744167
0.26	-0.413001	28.87067
0.27	-0.413501	34.12542
0.28	-0.414001	14.70657
0.29	-0.414501	26.72761
0.3	-0.415001	25.77372
0.31	-0.415501	26.00331
0.32	-0.416001	15.90307
0.33	-0.416501	40.16838
0.34	-0.417001	16.61413
0.35000000000000003	-0.417501	18.7278
0.36	-0.418001	20.60386
0.37	-0.418501	23.3418
0.38	-0.419001	31.88117
0.39	-0.419501	24.3334
0.4	-0.420001	25.02033
0.41000000000000003	-0.420501	22.89123
0.42	-0.421001	26.81298
0.43	-0.421501	34.01365
0.44	-0.422001	22.92662
0.45	-0.422501	27.85444
0.46	-0.423001	40.50739
0.47000000000000003	-0.423501	21.81455
0.48	-0.424001	17.37429
0.49	-0.424501	23.57528
0.5	-0.425001	22.80642
0.51	-0.425501	28.83104
0.52	-0.426001	34.1332
0.53	-0.426501	16.64738
0.54	-0.427001	31.44403
0.55	-0.427501	22.26458
0.56	-0.428001	30.71285
0.5700000000000001	-0.428501	31.29382
0.58	-0.429001	34.84604
0.59	-0.429501	34.27472
0.6	-0.430001	29.10672
0.61	-0.430501	25.76264
0.62	-0.431001	32.89823
0.63	-0.431501	38.12852
0.64	-0.432001	16.4807
0.65	-0.432501	24.54825
0.66	-0.433001	21.62611
0.67	-0.433501	20.14154
0.68	-0.434001	38.70071
0.6900000000000001	-0.434501	18.8749
0.7000000000000001	-0.435001	22.52722
0.71	-0.435501	36.48858
0.72	-0.436001	25.6404
0.73	-0.436501	24.15855
0.74	-0.437001	22.17137
0.75	-0.437501	20.72396
0.76	-0.438001	18.44919
0.77	-0.438501	26.6087
0.78	-0.439001	29.6406
0.79	-0.439501	26.57639
0.8	-0.440001	25.49208
0.81	-0.440501	26.60652
0.8200000000000001	-0.441001	22.53275
0.8300000000000001	-0.441501	39.59711
0.84	-0.442001	31.98935
0.85	-0.442501	20.21599
0.86	-0.443001	26.41695
0.87	-0.443501	30.48246
0.88	-0.444002	18.39476
0.89	-0.444502	21.0758
0.9	-0.445002	28.62685
0.91	-0.445502	32.93339
0.92	-0.446002	32.74844
0.93	-0.446502	27.58257
0.9400000000000001	-0.447002	23.12737
0.9500000000000001	-0.447502	25.63359
0.96	-0.448002	21.31801
0.97	-0.448502	17.53052
0.98	-0.449002	35.02223
0.99	-0.449502	26.66434
1.0	-0.450002	17.22347
1.01	-0.450502	30.86415
1.02	-0.451002	28.74359
1.03	-0.451502	25.04602
1.04	-0.452002	29.90777
1.05	-0.452502	26.29242
1.06	-0.453002	23.89095
1.07	-0.453502	24.9121
1.08	-0.454002	34.18435
1.09	-0.454502	21.61254
1.1	-0.455002	25.48848
1.11	-0.455502	24.05955
1.12	-0.456002	24.2799
1.1300000000000001	-0.456502	15.75538
1.1400000000000001	-0.457002	8.798098
1.1500000000000001	-0.457502	33.8847
1.16	-0.458002	31.71616
1.17	-0.458502	16.51352
1.18	-0.459002	13.78234
1.19	-0.459502	19.74883
1.2	-0.460002	23.79572
1.21	-0.460502	28.84689
1.22	-0.461002	17.89607
1.23	-0.461502	14.79951
1.24	-0.462002	27.61701
1.25	-0.462502	30.86176
1.26	-0.463002	31.83339
1.27	-0.463502	24.52307
1.28	-0.464002	32.15324
1.29	-0.464502	12.40222
1.3	-0.465002	27.72369
1.31	-0.465502	30.99308
1.32	-0.466002	24.44718
1.33	-0.466502	22.48623
1.34	-0.467002	30.15846
1.35	-0.467502	13.50695
1.36	-0.468002	19.1581
1.37	-0.468502	20.48192
1.3800000000000001	-0.469002	35.69136
1.3900000000000001	-0.469502	41.17384
1.4000000000000001	-0.470002	19.66781
1.41	-0.470502	24.31096
1.42	-0.471002	21.3538
1.43	-0.471502	33.92199
1.44	-0.472002	22.85124
1.45	-0.472502	6.916508
1.46	-0.473002	30.53066
1.47	-0.473502	30.61658
1.48	-0.474002	26.27581
1.49	-0.474502	15.10826
1.5	-0.475002	11.88137
1.51	-0.475502	42.41357
1.52	-0.476003	29.48985
1.53	-0.476503	24.31614
1.54	-0.477003	33.62348
1.55	-0.477503	26.30049
1.56	-0.478003	15.02242
1.57	-0.478503	26.26428
1.58	-0.479003	35.77906
1.59	-0.479503	21.13283
1.6	-0.480003	25.18471
1.61	-0.480503	30.0716
1.62	-0.481003	24.90556
1.6300000000000001	-0.481503	34.21457
1.6400000000000001	-0.482003	38.51756
1.6500000000000001	-0.482503	21.6461
1.6600000000000001	-0.483003	29.25834
1.67	-0.483503	24.07089
1.68	-0.484003	28.03132
1.69	-0.484503	37.1137
1.7	-0.485003	34.88662
1.71	-0.485503	28.62299
1.72	-0.486003	26.84713
1.73	-0.486503	15.21417
1.74	-0.487003	39.95739
1.75	-0.487503	30.83875
1.76	-0.488003	27.11249
1.77	-0.488503	15.95987
1.78	-0.489003	19.49209
1.79	-0.489503	20.30277
1.8	-0.490003	20.10314
1.81	-0.490503	30.21269
1.82	-0.491003	34.60627
1.83	-0.491503	16.92829
1.84	-0.492003	20.4385
1.85	-0.492503	34.50208
1.86	-0.493003	22.38607
1.87	-0.493503	18.75608
1.8800000000000001	-0.494003	33.43144
1.8900000000000001	-0.494503	9.451182
1.9000000000000001	-0.495003	14.88941
1.9100000000000001	-0.495503	21.24463
1.92	-0.496003	25.4517
1.93	-0.496503	27.8981
1.94	-0.497003	13.5686
1.95	-0.497503	15.31362
1.96	-0.498003	9.982703
1.97	-0.498503	26.44217
1.98	-0.499003	27.69084
1.99	-0.499503	29.53093
2.0	-0.500003	15.44489
2.0100000000000002	-0.500503	14.86856
2.02	-0.501003	29.98586
2.0300000000000002	-0.501503	30.61291
2.04	-0.502003	27.83287
2.05	-0.502503	34.11376
2.06	-0.503003	28.56406
2.07	-0.503503	30.66415
2.08	-0.504003	34.46117
2.09	-0.504503	29.64139
2.1	-0.505003	33.30862
2.11	-0.505503	19.34851
2.12	-0.506003	29.16622
2.13	-0.506503	26.63864
2.14	-0.507003	21.96447
2.15	-0.507503	25.93442
2.16	-0.508003	30.42243
2.17	-0.508504	21.76647
2.18	-0.509004	27.74638
2.19	-0.509504	25.80269
2.2	-0.510004	13.10455
2.21	-0.510504	17.40339
2.22	-0.511004	22.84608
2.23	-0.511504	26.77093
2.24	-0.512004	28.45262
2.25	-0.512504	20.18562
2.2600000000000002	-0.513004	30.5453
2.27	-0.513504	17.55288
2.2800000000000002	-0.514004	35.11937
2.29	-0.514504	18.56607
2.3000000000000003	-0.515004	15.80221
2.31	-0.515504	22.52969
2.32	-0.516004	23.77272
2.33	-0.516504	36.75373
2.34	-0.517004	15.51704
2.35	-0.517504	11.64875
2.36	-0.518004	19.15282
2.37	-0.518504	24.33157
2.38	-0.519004	34.50286
2.39	-0.519504	20.57943
2.4	-0.520004	29.16232
2.41	-0.520504	19.33594
2.42	-0.521004	25.20501
2.43	-0.521504	18.68899
2.44	-0.522004	35.47026
2.45	-0.522504	27.87403
2.46	-0.523004	26.48652
2.47	-0.523504	20.39831
2.48	-0.524004	25.60813
2.49	-0.524504	27.88383
2.5	-0.525004	19.86396
2.5100000000000002	-0.525504	33.03911
2.52	-0.526004	17.12619
2.5300000000000002	-0.526504	26.69399
2.54	-0.527004	40.75828
2.5500000000000003	-0.527504	22.91289
2.56	-0.528004	37.16343
2.57	-0.528504	23.04493
2.58	-0.529004	18.74064
2.59	-0.529504	30.4245
2.6	-0.530004	31.26657
2.61	-0.530504	23.19418
2.62	-0.531004	26.72592
2.63	-0.531504	24.14838
2.64	-0.532004	23.43399
2.65	-0.532504	24.61204
2.66	-0.533004	27.61336
2.67	-0.533504	29.47631
2.68	-0.534004	19.26808
2.69	-0.534504	21.67624
2.7	-0.535004	24.24508
2.71	-0.535504	15.85916
2.72	-0.536004	14.0692
2.73	-0.536504	30.76705
2.74	-0.537004	16.84619
2.75	-0.537504	30.67577
2.7600000000000002	-0.538004	21.2261
2.77	-0.538504	21.75727
2.7800000000000002	-0.539004	28.98969
2.79	-0.539504	33.59983
2.8000000000000003	-0.540004	26.03189
2.81	-0.540504	23.96289
2.82	-0.541005	26.52017
2.83	-0.541505	28.91569
2.84	-0.542005	18.31828
2.85	-0.542505	39.74125
2.86	-0.543005	25.16825
2.87	-0.543505	18.04605
2.88	-0.544005	31.75088
2.89	-0.544505	28.77051
2.9	-0.545005	30.5598
2.91	-0.545505	16.40128
2.92	-0.546005	14.75316
2.93	-0.546505	17.00284
2.94	-0.547005	21.553
2.95	-0.547505	28.47336
2.96	-0.548005	25.06956
2.97	-0.548505	21.27387
2.98	-0.549005	8.265691
2.99	-0.549505	8.937285
3.0	-0.550005	24.60224
3.0100000000000002	-0.550505	20.92592
3.02	-0.551005	20.12384
3.0300000000000002	-0.551505	28.42965
3.04	-0.552005	22.07337
3.0500000000000003	-0.552505	19.20812
3.06	-0.553005	29.03425
3.0700000000000003	-0.553505	21.35329
3.08	-0.554005	23.71969
3.09	-0.554505	21.42024
3.1	-0.555005	29.03023
3.11	-0.555505	15.09767
3.12	-0.556005	21.57348
3.13	-0.556505	26.82807
3.14	-0.557005	16.46633
3.15	-0.557505	26.31844
3.16	-0.558005	20.56808
3.17	-0.558505	20.70668
3.18	-0.559005	19.93261
3.19	-0.559505	27.02441
3.2	-0.560005	16.88885
3.21	-0.560505	33.02693
3.22	-0.561005	26.36378
3.23	-0.561505	33.46946
3.24	-0.562005	27.76802
3.25	-0.562505	18.19332
3.2600000000000002	-0.563005	9.490004
3.27	-0.563505	37.83535
3.2800000000000002	-0.564005	20.42946
3.29	-0.564505	34.08133
3.3000000000000003	-0.565005	30.20344
3.31	-0.565505	27.762
3.3200000000000003	-0.566005	43.85738
3.33	-0.566505	23.60941
3.34	-0.567005	29.59224
3.35	-0.567505	32.84479
3.36	-0.568005	20.9519
3.37	-0.568505	20.8898
3.38	-0.569005	31.06065
3.39	-0.569505	20.33724
3.4	-0.570005	18.47135
3.41	-0.570505	30.58361
3.42	-0.571005	23.79511
3.43	-0.571505	28.69962
3.44	-0.572005	28.72771
3.45	-0.572506	25.67154
3.46	-0.573006	19.57121
3.47	-0.573506	22.04474
3.48	-0.574006	26.52559
3.49	-0.574506	15.13871
3.5	-0.575006	24.60084
3.5100000000000002	-0.575506	36.80088
3.52	-0.576006	33.23887
3.5300000000000002	-0.576506	13.51426
3.54	-0.577006	32.29749
3.5500000000000003	-0.577506	18.84442
3.56	-0.578006	27.76964
3.5700000000000003	-0.578506	9.4238
3.58	-0.579006	30.11116
3.59	-0.579506	15.98087
3.6	-0.580006	20.26538
3.61	-0.580506	30.12685
3.62	-0.581006	13.80607
3.63	-0.581506	24.75844
3.64	-0.582006	34.29219
3.65	-0.582506	21.4124
3.66	-0.583006	20.60751
3.67	-0.583506	24.52951
3.68	-0.584006	16.02252
3.69	-0.584506	24.40065
3.7	-0.585006	25.65988
3.71	-0.585506	33.87393
3.72	-0.586006	30.39698
3.73	-0.586506	12.42003
3.74	-0.587006	24.82845
3.75	-0.587506	25.15046
3.7600000000000002	-0.588006	30.59826
3.77	-0.588506	35.12014
3.7800000000000002	-0.589006	26.8965
3.79	-0.589506	30.23491
3.8000000000000003	-0.590006	18.98767
3.81	-0.590506	34.4924
3.8200000000000003	-0.591006	24.22118
3.83	-0.591506	11.05744
3.84	-0.592006	18.81006
3.85	-0.592506	37.04067
3.86	-0.593006	19.8232
3.87	-0.593506	30.87724
3.88	-0.594006	36.75733
3.89	-0.594506	32.44632
3.9	-0.595006	27.18904
3.91	-0.595506	20.78251
3.92	-0.596006	23.21057
3.93	-0.596506	17.18
3.94	-0.597006	26.14787
3.95	-0.597506	29.15491
3.96	-0.598006	32.32952
3.97	-0.598506	22.35883
3.98	-0.599006	24.47173
3.99	-0.599506	21.25083
4.0	-0.600006	19.82525
4.01	-0.600506	22.32197
4.0200000000000005	-0.601006	23.50404
4.03	-0.601506	23.66625
4.04	-0.602006	24.93616
4.05	-0.602506	28.05186
4.0600000000000005	-0.603006	35.68366
4.07	-0.603506	14.27723
4.08	-0.604007	16.97393
4.09	-0.604506	31.28442
4.1	-0.605006	24.37369
4.11	-0.605507	20.57528
4.12	-0.606007	18.6168
4.13	-0.606507	18.69169
4.14	-0.607007	25.27501
4.15	-0.607507	21.32952
4.16	-0.608007	25.52206
4.17	-0.608507	24.00336
4.18	-0.609007	28.35954
4.19	-0.609507	16.89813
4.2	-0.610007	15.55483
4.21	-0.610507	25.85023
4.22	-0.611007	23.29275
4.23	-0.611507	15.60325
4.24	-0.612007	35.13087
4.25	-0.612507	29.55723
4.26	-0.613007	27.9469
4.2700000000000005	-0.613507	21.10895
4.28	-0.614007	11.23945
4.29	-0.614507	22.52319
4.3	-0.615007	29.17802
4.3100000000000005	-0.615507	32.16645
4.32	-0.616007	7.440245
4.33	-0.616507	26.06386
4.34	-0.617007	23.57724
4.3500000000000005	-0.617507	25.1059
4.36	-0.618007	17.48697
4.37	-0.618507	21.1107
4.38	-0.619007	13.43455
4.39	-0.619507	24.52914
4.4	-0.620007	16.10694
4.41	-0.620507	19.38638
4.42	-0.621007	33.2846
4.43	-0.621507	5.854279
4.44	-0.622007	12.63242
4.45	-0.622507	28.76606
4.46	-0.623007	33.67303
4.47	-0.623507	23.63273
4.48	-0.624007	22.32974
4.49	-0.624507	16.57974
4.5	-0.625007	3.498593
4.51	-0.625507	23.35962
4.5200000000000005	-0.626007	16.41783
4.53	-0.626507	17.10293
4.54	-0.627007	23.85094
4.55	-0.627507	19.28453
4.5600000000000005	-0.628007	28.66379
4.57	-0.628507	24.94686
4.58	-0.629007	34.08503
4.59	-0.629507	19.11986
4.6000000000000005	-0.630007	25.27005
4.61	-0.630507	15.56628
4.62	-0.631007	26.71894
4.63	-0.631507	25.28652
4.64	-0.632007	35.23074
4.65	-0.632507	10.43666
4.66	-0.633007	20.49794
4.67	-0.633507	15.08338
4.68	-0.634007	8.997894
4.69	-0.634507	14.119
4.7	-0.635007	2.456119
4.71	-0.635507	15.24983
4.72	-0.636007	14.94175
4.73	-0.636507	27.00052
4.74	-0.637008	19.89507
4.75	-0.637508	23.46779
4.76	-0.638008	21.03005
4.7700000000000005	-0.638508	25.27294
4.78	-0.639008	28.8821
4.79	-0.639508	34.0407
4.8	-0.640008	24.63112
4.8100000000000005	-0.640508	22.4435
4.82	-0.641008	20.82607
4.83	-0.641508	13.19109
4.84	-0.642008	28.44911
4.8500000000000005	-0.642508	30.94896
4.86	-0.643008	27.24983
4.87	-0.643508	20.4072
4.88	-0.644008	28.24805
4.89	-0.644508	11.35927
4.9	-0.645008	23.49108
4.91	-0.645508	18.53535
4.92	-0.646008	22.16606
4.93	-0.646508	26.11058
4.94	-0.647008	36.09419
4.95	-0.647508	26.36375
4.96	-0.648008	19.53764
4.97	-0.648508	28.67856
4.98	-0.649008	24.33039
4.99	-0.649508	30.34918
5.0	-0.650008	32.23864
5.01	-0.650508	28.74785
5.0200000000000005	-0.651008	35.83952
5.03	-0.651508	22.6818
5.04	-0.652008	17.8063
5.05	-0.652508	31.53831
5.0600000000000005	-0.653008	18.44199
5.07	-0.653508	16.9872
5.08	-0.654008	26.5937
5.09	-0.654508	21.60177
5.1000000000000005	-0.655008	14.71211
5.11	-0.655508	27.62803
5.12	-0.656008	23.80292
5.13	-0.656508	29.86681
5.14	-0.657008	37.1619
5.15	-0.657508	30.30033
5.16	-0.658008	29.20265
5.17	-0.658508	28.28511
5.18	-0.659008	22.75845
5.19	-0.659508	16.53646
5.2	-0.660008	19.98636
5.21	-0.660508	16.23853
5.22	-0.661008	29.2052
5.23	-0.661508	23.52379
5.24	-0.662008	10.64467
5.25	-0.662508	32.48636
5.26	-0.663008	24.17942
5.2700000000000005	-0.663508	16.00145
5.28	-0.664008	16.86561
5.29	-0.664508	32.27057
5.3	-0.665008	14.7908
5.3100000000000005	-0.665508	20.78189
5.32	-0.666008	22.20624
5.33	-0.666508	30.89282
5.34	-0.667008	31.22706
5.3500000000000005	-0.667508	22.57859
5.36	-0.668008	20.03904
5.37	-0.668508	28.62804
5.38	-0.669008	22.45008
5.39	-0.669508	31.27407
5.4	-0.670009	32.33237
5.41	-0.670509	21.03168
5.42	-0.671009	22.97118
5.43	-0.671509	16.81958
5.44	-0.672009	20.39607
5.45	-0.672509	35.87147
5.46	-0.673009	10.1951
5.47	-0.673509	29.56271
5.48	-0.674009	23.73255
5.49	-0.674509	27.62462
5.5	-0.675009	12.05769
5.51	-0.675509	18.09202
5.5200000000000005	-0.676009	14.15135
5.53	-0.676509	10.56026
5.54	-0.677009	5.561378
5.55	-0.677509	27.54548
5.5600000000000005	-0.678009	29.41593
5.57	-0.678509	27.53425
5.58	-0.679009	23.87851
5.59	-0.679509	21.34404
5.6000000000000005	-0.680009	26.56829
5.61	-0.680509	16.79274
5.62	-0.681009	15.13087
5.63	-0.681509	5.858274
5.64	-0.682009	10.01195
5.65	-0.682509	3.060294
5.66	-0.683009	31.17292
5.67	-0.683509	14.79342
5.68	-0.684009	18.80567
5.69	-0.684509	21.08436
5.7	-0.685009	18.93648
5.71	-0.685509	10.91447
5.72	-0.686009	16.35283
5.73	-0.686509	21.50754
5.74	-0.687009	7.63237
5.75	-0.687509	21.43624
5.76	-0.688009	14.82759
5.7700000000000005	-0.688509	15.11909
5.78	-0.689009	29.93621
5.79	-0.689509	28.25195
5.8	-0.690009	18.41549
5.8100000000000005	-0.690509	12.09604
5.82	-0.691009	14.5826
5.83	-0.691509	13.45426
5.84	-0.692009	17.68805
5.8500000000000005	-0.692509	17.38136
5.86	-0.693009	14.06266
5.87	-0.693509	31.33238
5.88	-0.694009	16.39886
5.89	-0.694509	16.85813
5.9	-0.695009	30.13906
5.91	-0.695509	23.07737
5.92	-0.696009	16.59459
5.93	-0.696509	24.47722
5.94	-0.697009	10.06453
5.95	-0.697509	21.6753
5.96	-0.698009	13.76149
5.97	-0.698509	17.48208
5.98	-0.699009	24.46148
5.99	-0.699509	17.26986
6.0	-0.700009	31.37533
6.01	-0.700509	25.73398
6.0200000000000005	-0.701009	24.56141
6.03	-0.70151	32.53725
6.04	-0.70201	24.58403
6.05	-0.70251	11.52998
6.0600000000000005	-0.70301	28.48483
6.07	-0.70351	0.247664
6.08	-0.70401	21.78164
6.09	-0.70451	16.49655
6.1000000000000005	-0.70501	8.71595
6.11	-0.70551	16.501
6.12	-0.70601	9.29635
6.13	-0.70651	21.02222
6.140000000000001	-0.70701	19.7056
6.15	-0.70751	16.89111
6.16	-0.70801	24.74798
6.17	-0.70851	25.00795
6.18	-0.70901	24.68037
6.19	-0.70951	16.36765
6.2	-0.71001	20.0173
6.21	-0.71051	22.02726
6.22	-0.71101	23.5915
6.23	-0.71151	17.73051
6.24	-0.71201	26.51024
6.25	-0.71251	19.58304
6.26	-0.71301	21.36415
6.2700000000000005	-0.71351	24.53115
6.28	-0.71401	22.08701
6.29	-0.71451	27.66676
6.3	-0.71501	14.53749
6.3100000000000005	-0.71551	20.98451
6.32	-0.71601	20.20575
6.33	-0.71651	24.78397
6.34	-0.71701	18.45307
6.3500000000000005	-0.71751	30.16997
6.36	-0.71801	32.11666
6.37	-0.71851	26.15938
6.38	-0.71901	29.52828
6.390000000000001	-0.71951	18.22912
6.4	-0.72001	22.97894
6.41	-0.72051	13.25397
6.42	-0.72101	21.30575
6.43	-0.72151	24.01589
6.44	-0.72201	11.91682
6.45	-0.72251	17.11834
6.46	-0.72301	29.99792
6.47	-0.72351	23.38377
6.48	-0.72401	24.31057
6.49	-0.72451	25.0442
6.5	-0.72501	12.50635
6.51	-0.72551	27.24551
6.5200000000000005	-0.72601	28.1914
6.53	-0.72651	20.81619
6.54	-0.72701	20.17799
6.55	-0.72751	12.73537
6.5600000000000005	-0.72801	22.53358
6.57	-0.72851	24.72431
6.58	-0.72901	21.14946
6.59	-0.72951	27.94457
6.6000000000000005	-0.73001	19.38693
6.61	-0.73051	22.40454
6.62	-0.73101	22.07582
6.63	-0.73151	21.59616
6.640000000000001	-0.73201	11.54572
6.65	-0.73251	33.1436
6.66	-0.73301	14.65588
6.67	-0.73351	10.75871
6.68	-0.73401	20.21827
6.69	-0.734511	15.98608
6.7	-0.735011	17.48956
6.71	-0.735511	17.93808
6.72	-0.736011	20.99874
6.73	-0.736511	20.32855
6.74	-0.737011	20.97014
6.75	-0.737511	16.37244
6.76	-0.738011	7.496174
6.7700000000000005	-0.738511	23.35549
6.78	-0.739011	11.06847
6.79	-0.739511	26.36507
6.8	-0.740011	26.81381
6.8100000000000005	-0.740511	7.789692
6.82	-0.741011	21.399
6.83	-0.741511	20.17166
6.84	-0.742011	26.86519
6.8500000000000005	-0.742511	14.33442
6.86	-0.743011	28.11559
6.87	-0.743511	22.84212
6.88	-0.744011	28.1311
6.890000000000001	-0.744511	19.63504
6.9	-0.745011	16.8321
6.91	-0.745511	36.59618
6.92	-0.746011	21.59428
6.93	-0.746511	26.89931
6.94	-0.747011	23.35125
6.95	-0.747511	26.55583
6.96	-0.748011	21.37991
6.97	-0.748511	17.05123
6.98	-0.749011	30.16977
6.99	-0.749511	19.4715
7.0	-0.750011	23.30286
7.01	-0.750511	20.42605
7.0200000000000005	-0.751011	24.95251
7.03	-0.751511	29.94918
7.04	-0.752011	21.31927
7.05	-0.752511	13.05719
7.0600000000000005	-0.753011	20.49954
7.07	-0.753511	17.29406
7.08	-0.754011	-0.0993
7.09	-0.754511	9.04508
7.1000000000000005	-0.755011	13.79235
7.11	-0.755511	21.34096
7.12	-0.756011	17.22263
7.13	-0.756511	18.269
7.140000000000001	-0.757011	9.421828
7.15	-0.757511	28.54695
7.16	-0.758011	18.397
7.17	-0.758511	15.19881
7.18	-0.759011	11.99829
7.19	-0.759511	17.12867
7.2	-0.760011	15.00183
7.21	-0.760511	25.04298
7.22	-0.761011	19.02227
7.23	-0.761511	23.00615
7.24	-0.762011	21.77951
7.25	-0.762511	11.30062
7.26	-0.763011	15.30602
7.2700000000000005	-0.763511	13.74266
7.28	-0.764011	14.48705
7.29	-0.764511	19.7121
7.3	-0.765011	24.86161
7.3100000000000005	-0.765511	15.02225
7.32	-0.766012	21.53296
7.33	-0.766512	23.85159
7.34	-0.767011	21.12106
7.3500000000000005	-0.767512	12.8298
7.36	-0.768012	28.56273
7.37	-0.768512	23.40447
7.38	-0.769012	16.2272
7.390000000000001	-0.769512	14.76547
7.4	-0.770012	9.976548
7.41	-0.770512	20.27663
7.42	-0.771012	22.27575
7.43	-0.771512	26.13713
7.44	-0.772012	20.88509
7.45	-0.772512	24.50444
7.46	-0.773012	27.90504
7.47	-0.773512	22.04454
7.48	-0.774012	24.50025
7.49	-0.774512	14.54918
7.5	-0.775012	9.870694
7.51	-0.775512	27.75674
7.5200000000000005	-0.776012	26.47215
7.53	-0.776512	25.56829
7.54	-0.777012	21.18173
7.55	-0.777512	14.46382
7.5600000000000005	-0.778012	21.90119
7.57	-0.778512	18.96868
7.58	-0.779012	21.20241
7.59	-0.779512	12.80995
7.6000000000000005	-0.780012	27.57105
7.61	-0.780512	26.08198
7.62	-0.781012	16.95366
7.63	-0.781512	14.19992
7.640000000000001	-0.782012	3.13791
7.65	-0.782512	20.77918
7.66	-0.783012	14.79974
7.67	-0.783512	14.43684
7.68	-0.784012	16.5304
7.69	-0.784512	23.56874
7.7	-0.785012	23.08101
7.71	-0.785512	23.19118
7.72	-0.786012	20.58248
7.73	-0.786512	16.40086
7.74	-0.787012	26.70334
7.75	-0.787512	14.29277
7.76	-0.788012	13.9105
7.7700000000000005	-0.788512	20.03899
7.78	-0.789012	-2.577726
7.79	-0.789512	5.975465
7.8	-0.790012	18.26985
7.8100000000000005	-0.790512	22.32738
7.82	-0.791012	8.88442
7.83	-0.791512	11.3561
7.84	-0.792012	12.33346
7.8500000000000005	-0.792512	6.447449
7.86	-0.793012	26.69371
7.87	-0.793512	13.24844
7.88	-0.794012	9.129357
7.890000000000001	-0.794512	14.56113
7.9	-0.795012	14.18443
7.91	-0.795512	23.60164
7.92	-0.796012	26.83082
7.930000000000001	-0.796512	24.04931
7.94	-0.797012	22.88077
7.95	-0.797512	19.5537
7.96	-0.798012	18.18144
7.97	-0.798512	19.299
7.98	-0.799013	24.73326
7.99	-0.799513	6.34239
8.0	-0.800013	10.7701
8.01	-0.800513	12.16645
8.02	-0.801013	26.93967
8.03	-0.801513	23.63755
8.040000000000001	-0.802013	18.38396
8.05	-0.802513	17.69656
8.06	-0.803013	13.7002
8.07	-0.803513	24.42158
8.08	-0.804013	22.43983
8.09	-0.804513	22.0874
8.1	-0.805013	16.8947
8.11	-0.805513	15.51304
8.120000000000001	-0.806013	16.27073
8.13	-0.806513	11.68855
8.14	-0.807013	23.19449
8.15	-0.807513	12.65785
8.16	-0.808013	18.0057
8.17	-0.808513	4.44171
8.18	-0.809013	12.29708
8.19	-0.809513	22.30172
8.2	-0.810013	20.20488
8.21	-0.810513	18.81337
8.22	-0.811013	12.58871
8.23	-0.811513	28.32968
8.24	-0.812013	14.13459
8.25	-0.812513	12.29543
8.26	-0.813013	25.75159
8.27	-0.813513	29.63282
8.28	-0.814013	10.02195
8.290000000000001	-0.814513	22.33191
8.3	-0.815013	31.9301
8.31	-0.815513	11.14922
8.32	-0.816013	14.04838
8.33	-0.816513	19.2025
8.34	-0.817013	13.37416
8.35	-0.817513	25.01355
8.36	-0.818013	20.52157
8.370000000000001	-0.818513	26.19248
8.38	-0.819013	19.39102
8.39	-0.819513	17.22836
8.4	-0.820013	23.863
8.41	-0.820513	25.23207
8.42	-0.821013	22.22762
8.43	-0.821513	12.30033
8.44	-0.822013	20.61689
8.45	-0.822513	13.98594
8.46	-0.823013	16.38919
8.47	-0.823513	16.66215
8.48	-0.824013	28.21794
8.49	-0.824513	12.8493
8.5	-0.825013	22.623
8.51	-0.825513	8.994205
8.52	-0.826013	14.01682
8.53	-0.826513	8.760959
8.540000000000001	-0.827013	15.86549
8.55	-0.827513	6.758579
8.56	-0.828013	9.554383
8.57	-0.828513	22.36473
8.58	-0.829013	18.35004
8.59	-0.829513	10.99929
8.6	-0.830013	28.5246
8.61	-0.830514	19.77152
8.620000000000001	-0.831014	14.1719
8.63	-0.831513	10.44597
8.64	-0.832014	14.98429
8.65	-0.832514	15.94482
8.66	-0.833014	17.70883
8.67	-0.833514	7.939086
8.68	-0.834014	15.90294
8.69	-0.834514	4.576158
8.700000000000001	-0.835014	27.80424
8.71	-0.835514	24.16219
8.72	-0.836014	23.09293
8.73	-0.836514	24.86145
8.74	-0.837014	5.02979
8.75	-0.837514	14.48602
8.76	-0.838014	22.22983
8.77	-0.838514	19.7127
8.78	-0.839014	7.05933
8.790000000000001	-0.839514	39.68164
8.8	-0.840014	23.59287
8.81	-0.840514	7.250254
8.82	-0.841014	19.14312
8.83	-0.841514	25.84717
8.84	-0.842014	14.79156
8.85	-0.842514	13.35969
8.86	-0.843014	9.350055
8.870000000000001	-0.843514	1.448598
8.88	-0.844014	13.89315
8.89	-0.844514	11.08161
8.9	-0.845014	28.49205
8.91	-0.845514	26.4329
8.92	-0.846014	23.34857
8.93	-0.846514	26.39417
8.94	-0.847014	11.25415
8.950000000000001	-0.847514	17.43257
8.96	-0.848014	4.644283
8.97	-0.848514	20.50858
8.98	-0.849014	23.61829
8.99	-0.849514	14.27199
9.0	-0.850014	-1.399048
9.01	-0.850514	19.04841
9.02	-0.851014	18.01246
9.03	-0.851514	12.5428
9.040000000000001	-0.852014	30.61075
9.05	-0.852514	15.95132
9.06	-0.853014	36.45705
9.07	-0.853514	-3.00488
9.08	-0.854014	31.60031
9.09	-0.854514	7.844058
9.1	-0.855014	16.66361
9.11	-0.855514	16.44372
9.120000000000001	-0.856014	12.14769
9.13	-0.856514	11.62899
9.14	-0.857014	6.459986
9.15	-0.857514	21.23738
9.16	-0.858014	-3.991802
9.17	-0.858514	35.82385
9.18	-0.859014	7.950225
9.19	-0.859514	14.22464
9.200000000000001	-0.860014	22.0998
9.21	-0.860514	3.781048
9.22	-0.861014	14.39431
9.23	-0.861514	19.92671
9.24	-0.862014	15.25887
9.25	-0.862514	13.10091
9.26	-0.863014	10.75039
9.27	-0.863515	30.46959
9.28	-0.864015	7.3673
9.290000000000001	-0.864515	20.6241
9.3	-0.865015	24.69743
9.31	-0.865515	20.80497
9.32	-0.866015	7.26654
9.33	-0.866515	24.67482
9.34	-0.867015	12.21881
9.35	-0.867515	13.43448
9.36	-0.868015	5.108333
9.370000000000001	-0.868515	20.35268
9.38	-0.869015	16.77864
9.39	-0.869515	28.84387
9.4	-0.870015	22.26657
9.41	-0.870515	18.92262
9.42	-0.871015	19.19957
9.43	-0.871515	20.31566
9.44	-0.872015	12.37978
9.450000000000001	-0.872515	28.55841
9.46	-0.873015	21.60182
9.47	-0.873515	18.76044
9.48	-0.874015	17.62661
9.49	-0.874515	22.16218
9.5	-0.875015	18.06715
9.51	-0.875515	18.91386
9.52	-0.876015	21.85435
9.53	-0.876515	18.53193
9.540000000000001	-0.877015	23.22669
9.55	-0.877515	7.691529
9.56	-0.878015	26.87428
9.57	-0.878515	19.88331
9.58	-0.879015	16.37024
9.59	-0.879515	7.504483
9.6	-0.880015	24.49515
9.61	-0.880515	19.89318
9.620000000000001	-0.881015	21.10485
9.63	-0.881515	24.47362
9.64	-0.882015	19.41251
9.65	-0.882515	28.53487
9.66	-0.883015	22.08957
9.67	-0.883515	39.03971
9.68	-0.884015	22.87288
9.69	-0.884515	15.16381
9.700000000000001	-0.885015	-0.218933
9.71	-0.885515	14.72512
9.72	-0.886015	26.0532
9.73	-0.886515	20.62018
9.74	-0.887015	23.25115
9.75	-0.887515	0.750798
9.76	-0.888015	14.54328
9.77	-0.888515	18.22295
9.78	-0.889015	17.40771
9.790000000000001	-0.889515	10.66886
9.8	-0.890015	12.71352
9.81	-0.890515	21.45292
9.82	-0.891015	13.63492
9.83	-0.891515	8.918573
9.84	-0.892015	21.70564
9.85	-0.892515	31.42757
9.86	-0.893015	12.20054
9.870000000000001	-0.893515	26.1189
9.88	-0.894015	12.63776
9.89	-0.894515	18.07132
9.9	-0.895016	23.44302
9.91	-0.895515	28.82562
9.92	-0.896015	10.34762
9.93	-0.896516	17.44377
9.94	-0.897016	22.64008
9.950000000000001	-0.897516	17.31026
9.96	-0.898016	5.278481
9.97	-0.898516	10.64333
9.98	-0.899016	19.41117
9.99	-0.899516	15.4882
10.0	-0.900016	22.49927
10.01	-0.900516	20.71493
10.02	-0.901016	18.51382
10.03	-0.901516	20.23023
10.040000000000001	-0.902016	12.62425
10.05	-0.902516	20.77541
10.06	-0.903016	20.0605
10.07	-0.903516	27.23482
10.08	-0.904016	18.82606
10.09	-0.904516	22.90711
10.1	-0.905016	31.47373
10.11	-0.905516	14.38507
10.120000000000001	-0.906016	6.370727
10.13	-0.906516	24.60307
10.14	-0.907016	19.32388
10.15	-0.907516	7.938056
10.16	-0.908016	13.06304
10.17	-0.908516	8.013334
10.18	-0.909016	20.42154
10.19	-0.909516	5.050394
10.200000000000001	-0.910016	18.97991
10.21	-0.910516	17.3998
10.22	-0.911016	18.57059
10.23	-0.911516	7.628218
10.24	-0.912016	8.728455
10.25	-0.912516	21.26414
10.26	-0.913016	14.45381
10.27	-0.913516	24.03967
10.28	-0.914016	29.04669
10.290000000000001	-0.914516	10.68297
10.3	-0.915016	23.19345
10.31	-0.915516	24.61915
10.32	-0.916016	16.97982
10.33	-0.916516	17.42447
10.34	-0.917016	15.65341
10.35	-0.917516	17.94787
10.36	-0.918016	24.33598
10.370000000000001	-0.918516	12.24655
10.38	-0.919016	10.98848
10.39	-0.919516	14.97909
10.4	-0.920016	20.1655
10.41	-0.920516	4.582902
10.42	-0.921016	7.919242
10.43	-0.921516	10.92982
10.44	-0.922016	-1.527239
10.450000000000001	-0.922516	8.147804
10.46	-0.923016	20.48612
10.47	-0.923516	29.29383
10.48	-0.924016	15.93966
10.49	-0.924516	18.85704
10.5	-0.925016	17.66505
10.51	-0.925516	22.51492
10.52	-0.926016	16.40673
10.53	-0.926516	21.27455
10.540000000000001	-0.927016	21.65684
10.55	-0.927516	5.108161
10.56	-0.928017	19.01122
10.57	-0.928517	-1.73991
10.58	-0.929017	18.43426
10.59	-0.929517	1.791651
10.6	-0.930017	12.41695
10.61	-0.930517	8.578387
10.620000000000001	-0.931017	23.33871
10.63	-0.931517	16.40476
10.64	-0.932017	19.09877
10.65	-0.932517	13.16829
10.66	-0.933017	10.16543
10.67	-0.933517	26.53654
10.68	-0.934017	28.14807
10.69	-0.934517	10.46438
10.700000000000001	-0.935017	8.665754
10.71	-0.935517	16.39214
10.72	-0.936017	-0.358334
10.73	-0.936517	18.00917
10.74	-0.937017	21.46152
10.75	-0.937517	13.4448
10.76	-0.938017	5.829345
10.77	-0.938517	15.08339
10.78	-0.939017	25.90837
10.790000000000001	-0.939517	15.91696
10.8	-0.940017	6.187867
10.81	-0.940517	15.27483
10.82	-0.941017	9.14474
10.83	-0.941517	10.16892
10.84	-0.942017	18.48631
10.85	-0.942517	5.48096
10.86	-0.943017	7.456697
10.870000000000001	-0.943517	22.28121
10.88	-0.944017	6.988784
10.89	-0.944517	26.72913
10.9	-0.945017	-0.489414
10.91	-0.945517	27.302
10.92	-0.946017	17.56971
10.93	-0.946517	9.0618
10.94	-0.947017	22.52584
10.950000000000001	-0.947517	8.460457
10.96	-0.948017	19.10621
10.97	-0.948517	1.172485
10.98	-0.949017	17.31357
10.99	-0.949517	20.79316
11.0	-0.950017	3.814219
11.01	-0.950517	7.382926
11.02	-0.951017	15.70693
11.03	-0.951517	5.085012
11.040000000000001	-0.952017	21.94522
11.05	-0.952517	28.28683
11.06	-0.953017	16.61733
11.07	-0.953517	24.75022
11.08	-0.954017	17.61832
11.09	-0.954517	14.85774
11.1	-0.955017	16.01903
11.11	-0.955517	28.16673
11.120000000000001	-0.956017	7.596267
11.13	-0.956517	16.84749
11.14	-0.957017	14.69246
11.15	-0.957517	15.14202
11.16	-0.958017	14.83147
11.17	-0.958517	24.45168
11.18	-0.959017	10.52408
11.19	-0.959518	16.47928
11.200000000000001	-0.960017	9.977503
11.21	-0.960517	9.250421
11.22	-0.961018	16.91023
11.23	-0.961518	28.46509
11.24	-0.962018	7.718683
11.25	-0.962518	5.206944
11.26	-0.963018	2.927567
11.27	-0.963518	11.7005
11.28	-0.964018	-2.667629
11.290000000000001	-0.964518	27.12981
11.3	-0.965018	26.21717
11.31	-0.965518	13.90831
11.32	-0.966018	15.03356
11.33	-0.966518	12.7943
11.34	-0.967018	20.26687
11.35	-0.967518	9.854837
11.36	-0.968018	25.72659
11.370000000000001	-0.968518	14.99393
11.38	-0.969018	18.42221
11.39	-0.969518	16.70083
11.4	-0.970018	19.42307
11.41	-0.970518	25.75752
11.42	-0.971018	20.47111
11.43	-0.971518	15.52206
11.44	-0.972018	9.76588
11.450000000000001	-0.972518	11.48443
11.46	-0.973018	8.546266
11.47	-0.973518	9.840436
11.48	-0.974018	9.854586
11.49	-0.974518	6.60298
11.5	-0.975018	15.85155
11.51	-0.975518	14.442
11.52	-0.976018	14.82174
11.53	-0.976518	13.83714
11.540000000000001	-0.977018	11.49692
11.55	-0.977518	10.21032
11.56	-0.978018	23.38414
11.57	-0.978518	12.09314
11.58	-0.979018	23.40619
11.59	-0.979518	14.40838
11.6	-0.980018	19.75901
11.61	-0.980518	18.72211
11.620000000000001	-0.981018	18.13163
11.63	-0.981518	8.613171
11.64	-0.982018	17.73693
11.65	-0.982518	15.32504
11.66	-0.983018	18.41756
11.67	-0.983518	14.85619
11.68	-0.984018	12.86339
11.69	-0.984518	18.50837
11.700000000000001	-0.985018	16.36754
11.71	-0.985518	10.3949
11.72	-0.986018	22.00646
11.73	-0.986518	14.73415
11.74	-0.987018	12.76443
11.75	-0.987518	11.1958
11.76	-0.988018	6.010234
11.77	-0.988518	12.7258
11.78	-0.989018	19.09169
11.790000000000001	-0.989518	13.0049
11.8	-0.990018	16.79512
11.81	-0.990518	12.16592
11.82	-0.991018	20.66078
11.83	-0.991518	10.1864
11.84	-0.992018	22.06199
11.85	-0.992519	11.75905
11.86	-0.993019	24.3364
11.870000000000001	-0.993519	13.36471
11.88	-0.994019	19.92323
11.89	-0.994519	14.92246
11.9	-0.995019	9.636476
11.91	-0.995519	11.19845
11.92	-0.996019	25.45557
11.93	-0.996519	10.02535
11.94	-0.997019	6.440761
11.950000000000001	-0.997519	20.02903
11.96	-0.998019	20.42141
11.97	-0.998519	19.61884
11.98	-0.999019	23.82403
11.99	-0.999519	18.27475
12.0	-1.000019	19.85007
12.01	-1.000519	15.86939
12.02	-1.001019	11.39762
12.030000000000001	-1.001519	9.122369
12.040000000000001	-1.002019	27.06249
12.05	-1.002519	-3.320893
12.06	-1.003019	14.43764
12.07	-1.003519	11.53845
12.08	-1.004019	16.73297
12.09	-1.004519	12.6618
12.1	-1.005019	11.67796
12.11	-1.005519	9.716297
12.120000000000001	-1.006019	22.05214
12.13	-1.006519	6.594961
12.14	-1.007019	11.86567
12.15	-1.007519	12.69936
12.16	-1.008019	15.40967
12.17	-1.008519	12.47554
12.18	-1.009019	20.38513
12.19	-1.009519	14.30327
12.200000000000001	-1.010019	15.00346
12.21	-1.010519	1.314502
12.22	-1.011019	-1.308754
12.23	-1.011519	20.52268
12.24	-1.012019	19.18393
12.25	-1.012519	15.59248
12.26	-1.013019	14.66672
12.27	-1.013519	22.94329
12.280000000000001	-1.014019	15.27678
12.290000000000001	-1.014519	11.72942
12.3	-1.015019	21.85953
12.31	-1.015519	8.811826
12.32	-1.016019	19.53064
12.33	-1.016519	5.03826
12.34	-1.017019	21.94624
12.35	-1.017519	26.74487
12.36	-1.018019	13.0322
12.370000000000001	-1.018519	15.32892
12.38	-1.019019	6.259691
12.39	-1.019519	19.36795
12.4	-1.020019	23.97326
12.41	-1.020519	17.2719
12.42	-1.021019	16.23988
12.43	-1.021519	12.08314
12.44	-1.022019	22.58221
12.450000000000001	-1.022519	9.422776
12.46	-1.023019	32.75974
12.47	-1.023519	4.452766
12.48	-1.024019	13.29613
12.49	-1.024519	15.2609
12.5	-1.02502	13.42367
12.51	-1.025519	29.51335
12.52	-1.026019	6.173058
12.530000000000001	-1.02652	13.6527
12.540000000000001	-1.02702	27.1145
12.55	-1.02752	20.05306
12.56	-1.02802	20.25577
12.57	-1.02852	5.341103
12.58	-1.02902	14.51681
12.59	-1.02952	17.5734
12.6	-1.03002	25.14621
12.61	-1.03052	31.04592
12.620000000000001	-1.03102	2.407087
12.63	-1.03152	16.99092
12.64	-1.03202	10.10193
12.65	-1.03252	18.13658
12.66	-1.03302	17.62916
12.67	-1.03352	13.60624
12.68	-1.03402	20.13419
12.69	-1.03452	19.60576
12.700000000000001	-1.03502	10.46128
12.71	-1.03552	12.06695
12.72	-1.03602	15.66599
12.73	-1.03652	4.562592
12.74	-1.03702	25.08269
12.75	-1.03752	13.79398
12.76	-1.03802	15.38963
12.77	-1.03852	3.430075
12.780000000000001	-1.03902	15.64255
12.790000000000001	-1.03952	30.51936
12.8	-1.04002	9.845459
12.81	-1.04052	4.889847
12.82	-1.04102	23.61131
12.83	-1.04152	12.43293
12.84	-1.04202	19.42542
12.85	-1.04252	12.88845
12.86	-1.04302	1.024692
12.870000000000001	-1.04352	0.850671
12.88	-1.04402	12.89811
12.89	-1.04452	20.4664
12.9	-1.04502	10.80263
12.91	-1.04552	19.23466
12.92	-1.04602	18.8947
12.93	-1.04652	18.44505
12.94	-1.04702	2.024019
12.950000000000001	-1.04752	19.29207
12.96	-1.04802	24.46912
12.97	-1.04852	20.22188
12.98	-1.04902	24.30398
12.99	-1.04952	7.471389
13.0	-1.05002	0.152891
13.01	-1.05052	18.44454
13.02	-1.05102	18.09077
13.030000000000001	-1.05152	7.089168
13.040000000000001	-1.05202	16.85119
13.05	-1.05252	4.605281
13.06	-1.05302	12.32018
13.07	-1.05352	13.41974
13.08	-1.05402	19.913
13.09	-1.05452	14.69566
13.1	-1.05502	10.0623
13.11	-1.05552	16.48995
13.120000000000001	-1.056021	30.55103
13.13	-1.05652	22.46173
13.14	-1.05702	7.049629
13.15	-1.057521	16.91843
13.16	-1.05802	10.74417
13.17	-1.058521	20.86201
13.18	-1.059021	25.84476
13.19	-1.059521	19.42538
13.200000000000001	-1.060021	26.73838
13.21	-1.060521	15.50258
13.22	-1.061021	17.31921
13.23	-1.061521	24.11168
13.24	-1.062021	25.63025
13.25	-1.062521	13.71802
13.26	-1.063021	8.101726
13.27	-1.063521	25.55327
13.280000000000001	-1.064021	7.570573
13.290000000000001	-1.064521	20.49633
13.3	-1.065021	14.07481
13.31	-1.065521	21.52514
13.32	-1.066021	16.72506
13.33	-1.066521	17.42166
13.34	-1.067021	17.03021
13.35	-1.067521	5.795072
13.36	-1.068021	10.03882
13.370000000000001	-1.068521	-9.136489
13.38	-1.069021	17.13585
13.39	-1.069521	5.849421
13.4	-1.070021	2.235856
13.41	-1.070521	11.22784
13.42	-1.071021	15.91719
13.43	-1.071521	18.0739
13.44	-1.072021	6.010186
13.450000000000001	-1.072521	19.71519
13.46	-1.073021	14.72503
13.47	-1.073521	5.945814
13.48	-1.074021	14.75537
13.49	-1.074521	25.17971
13.5	-1.075021	17.50309
13.51	-1.075521	13.02817
13.52	-1.076021	1.207332
13.530000000000001	-1.076521	10.22182
13.540000000000001	-1.077021	5.15545
13.55	-1.077521	4.612488
13.56	-1.078021	13.4818
13.57	-1.078521	21.80651
13.58	-1.079021	16.60779
13.59	-1.079521	11.8689
13.6	-1.080021	13.03677
13.61	-1.080521	-2.327174
13.620000000000001	-1.081021	12.9636
13.63	-1.081521	18.48767
13.64	-1.082021	20.72422
13.65	-1.082521	27.39189
13.66	-1.083021	5.137877
13.67	-1.083521	8.02496
13.68	-1.084021	21.68667
13.69	-1.084521	2.354133
13.700000000000001	-1.085021	14.47486
13.71	-1.085521	6.958141
13.72	-1.086021	29.91087
13.73	-1.086521	6.375258
13.74	-1.087021	18.29707
13.75	-1.087521	14.38646
13.76	-1.088021	5.104912
13.77	-1.088521	17.42908
13.780000000000001	-1.089021	21.53895
13.790000000000001	-1.089522	18.36653
13.8	-1.090021	15.33064
13.81	-1.090521	12.57459
13.82	-1.091022	11.11371
13.83	-1.091522	15.22135
13.84	-1.092022	9.331978
13.85	-1.092522	9.641922
13.86	-1.093022	18.22806
13.870000000000001	-1.093522	15.48496
13.88	-1.094022	14.38204
13.89	-1.094522	4.149055
13.9	-1.095022	4.929032
13.91	-1.095522	17.50436
13.92	-1.096022	26.03676
13.93	-1.096522	20.54693
13.94	-1.097022	17.71592
13.950000000000001	-1.097522	9.844909
13.96	-1.098022	34.12654
13.97	-1.098522	17.00462
13.98	-1.099022	16.45335
13.99	-1.099522	11.41124
14.0	-1.100022	1.127115
14.01	-1.100522	12.61781
14.02	-1.101022	16.86894
14.030000000000001	-1.101522	8.320113
14.040000000000001	-1.102022	19.37948
14.05	-1.102522	5.655194
14.06	-1.103022	11.82379
14.07	-1.103522	3.995909
14.08	-1.104022	24.70087
14.09	-1.104522	6.968105
14.1	-1.105022	5.497391
14.11	-1.105522	23.62483
14.120000000000001	-1.106022	13.98248
14.13	-1.106522	31.35793
14.14	-1.107022	7.237861
14.15	-1.107522	24.60553
14.16	-1.108022	22.12514
14.17	-1.108522	14.17707
14.18	-1.109022	12.02809
14.19	-1.109522	14.58603
14.200000000000001	-1.110022	1.703449
14.21	-1.110522	9.816358
14.22	-1.111022	21.74711
14.23	-1.111522	11.30805
14.24	-1.112022	14.99325
14.25	-1.112522	-2.29512
14.26	-1.113022	19.66234
14.27	-1.113522	0.784118
14.280000000000001	-1.114022	19.28215
14.290000000000001	-1.114522	18.13808
14.3	-1.115022	19.17486
14.31	-1.115522	18.56401
14.32	-1.116022	12.37988
14.33	-1.116522	14.82416
14.34	-1.117022	29.28333
14.35	-1.117522	5.217938
14.36	-1.118022	1.155803
14.370000000000001	-1.118522	-3.214004
14.38	-1.119022	0.117938
14.39	-1.119522	27.28787
14.4	-1.120022	13.23112
14.41	-1.120522	23.06751
14.42	-1.121022	24.35506
14.43	-1.121522	21.16654
14.44	-1.122023	7.610728
14.450000000000001	-1.122522	19.67937
14.46	-1.123023	5.926795
14.47	-1.123523	7.387256
14.48	-1.124023	17.61381
14.49	-1.124523	3.540981
14.5	-1.125023	12.48148
14.51	-1.125523	16.69615
14.52	-1.126023	8.250722
14.530000000000001	-1.126523	9.532956
14.540000000000001	-1.127023	17.70757
14.55	-1.127523	13.85519
14.56	-1.128023	12.94332
14.57	-1.128523	14.22395
14.58	-1.129023	10.72436
14.59	-1.129523	17.70086
14.6	-1.130023	11.85736
14.61	-1.130523	12.09358
14.620000000000001	-1.131023	12.38682
14.63	-1.131523	2.339547
14.64	-1.132023	17.65994
14.65	-1.132523	14.65085
14.66	-1.133023	28.67264
14.67	-1.133523	10.95993
14.68	-1.134023	7.499426
14.69	-1.134523	2.093875
14.700000000000001	-1.135023	17.53119
14.71	-1.135523	2.420852
14.72	-1.136023	3.981002
14.73	-1.136523	11.41783
14.74	-1.137023	3.140939
14.75	-1.137523	-0.547809
14.76	-1.138023	11.34548
14.77	-1.138523	4.330886
14.780000000000001	-1.139023	-1.733939
14.790000000000001	-1.139523	11.64166
14.8	-1.140023	4.555597
14.81	-1.140523	18.16603
14.82	-1.141023	15.69655
14.83	-1.141523	19.2794
14.84	-1.142023	5.897576
14.85	-1.142523	15.88339
14.86	-1.143023	7.7589
14.870000000000001	-1.143523	15.4583
14.88	-1.144023	25.25241
14.89	-1.144523	12.83877
14.9	-1.145023	7.958803
14.91	-1.145523	26.32708
14.92	-1.146023	13.9219
14.93	-1.146523	12.67713
14.94	-1.147023	7.057533
14.950000000000001	-1.147523	4.577835
14.96	-1.148023	24.05385
14.97	-1.148523	10.10285
14.98	-1.149023	13.04523
14.99	-1.149523	9.937906
15.0	-1.150023	7.239995
15.01	-1.150523	7.619986
15.02	-1.151023	16.66693
15.030000000000001	-1.151523	13.29624
15.040000000000001	-1.152023	21.60363
15.05	-1.152523	18.80309
15.06	-1.153023	1.460105
15.07	-1.153523	15.57447
15.08	-1.154024	4.500895
15.09	-1.154523	11.837
15.1	-1.155023	10.29771
15.11	-1.155524	14.54008
15.120000000000001	-1.156024	10.92209
15.13	-1.156524	10.19837
15.14	-1.157024	12.21824
15.15	-1.157524	2.364197
15.16	-1.158024	14.26009
15.17	-1.158524	22.086
15.18	-1.159024	20.27427
15.19	-1.159524	17.56624
15.200000000000001	-1.160024	3.606765
15.21	-1.160524	4.40395
15.22	-1.161024	12.21236
15.23	-1.161524	21.28973
15.24	-1.162024	-8.033689
15.25	-1.162524	14.79134
15.26	-1.163024	1.883347
15.27	-1.163524	8.555494
15.280000000000001	-1.164024	11.05749
15.290000000000001	-1.164524	22.16604
15.3	-1.165024	-1.743217
15.31	-1.165524	16.17023
15.32	-1.166024	21.96157
15.33	-1.166524	14.15618
15.34	-1.167024	14.42407
15.35	-1.167524	14.67465
15.36	-1.168024	7.088784
15.370000000000001	-1.168524	18.63065
15.38	-1.169024	16.30118
15.39	-1.169524	3.950707
15.4	-1.170024	12.34981
15.41	-1.170524	3.873496
15.42	-1.171024	4.640509
15.43	-1.171524	5.163917
15.44	-1.172024	14.3472
15.450000000000001	-1.172524	9.824284
15.46	-1.173024	30.42682
15.47	-1.173524	13.70794
15.48	-1.174024	10.26768
15.49	-1.174524	19.67605
15.5	-1.175024	11.33701
15.51	-1.175524	17.84278
15.52	-1.176024	7.068111
15.530000000000001	-1.176524	2.751764
15.540000000000001	-1.177024	9.232018
15.55	-1.177524	11.36281
15.56	-1.178024	11.14439
15.57	-1.178524	11.42899
15.58	-1.179024	2.115866
15.59	-1.179524	12.58587
15.6	-1.180024	11.01769
15.610000000000001	-1.180524	23.31893
15.620000000000001	-1.181024	1.136076
15.63	-1.181524	7.534732
15.64	-1.182024	10.43813
15.65	-1.182524	11.0963
15.66	-1.183024	7.256502
15.67	-1.183524	16.58024
15.68	-1.184024	5.582758
15.69	-1.184524	10.70376
15.700000000000001	-1.185024	0.464129
15.71	-1.185524	-5.278243
15.72	-1.186024	9.489753
15.73	-1.186525	18.61188
15.74	-1.187024	11.79463
15.75	-1.187525	25.25142
15.76	-1.188025	12.45143
15.77	-1.188524	5.531308
15.780000000000001	-1.189025	9.288635
15.790000000000001	-1.189525	9.396927
15.8	-1.190025	12.74105
15.81	-1.190525	15.83997
15.82	-1.191025	12.96049
15.83	-1.191525	12.57077
15.84	-1.192025	11.36855
15.85	-1.192525	14.31141
15.860000000000001	-1.193025	25.62249
15.870000000000001	-1.193525	24.31927
15.88	-1.194025	12.19007
15.89	-1.194525	12.2563
15.9	-1.195025	11.89985
15.91	-1.195525	15.10124
15.92	-1.196025	-3.036568
15.93	-1.196525	13.10819
15.94	-1.197025	17.36959
15.950000000000001	-1.197525	22.43668
15.96	-1.198025	13.16735
15.97	-1.198525	22.59488
15.98	-1.199025	12.56106
15.99	-1.199525	22.80805
16.0	-1.199975	14.07584
16.01	-1.199475	26.58917
16.02	-1.198975	-2.060311
16.03	-1.198475	9.644398
16.04	-1.197975	-0.698805
16.05	-1.197475	2.952443
16.06	-1.196975	12.45496
16.07	-1.196475	5.308855
16.080000000000002	-1.195975	13.18696
16.09	-1.195475	0.539766
16.1	-1.194975	11.19759
16.11	-1.194475	10.85124
16.12	-1.193975	16.71347
16.13	-1.193475	13.14515
16.14	-1.192975	21.90148
16.15	-1.192475	23.68459
16.16	-1.191975	15.30578
16.17	-1.191475	9.953207
16.18	-1.190975	21.37311
16.19	-1.190475	8.887251
16.2	-1.189975	13.52822
16.21	-1.189475	17.87005
16.22	-1.188975	5.092846
16.23	-1.188475	25.15988
16.240000000000002	-1.187975	5.172074
16.25	-1.187474	21.72558
16.26	-1.186975	18.12295
16.27	-1.186474	13.62613
16.28	-1.185974	14.2869
16.29	-1.185474	-4.008653
16.3	-1.184974	16.21532
16.31	-1.184474	31.51552
16.32	-1.183974	14.13629
16.330000000000002	-1.183474	7.200109
16.34	-1.182974	2.306502
16.35	-1.182474	8.724347
16.36	-1.181974	24.27042
16.37	-1.181474	6.019841
16.38	-1.180974	12.90433
16.39	-1.180474	19.3126
16.4	-1.179974	3.012445
16.41	-1.179474	2.718277
16.42	-1.178974	-0.17356
16.43	-1.178474	6.842903
16.44	-1.177974	16.38667
16.45	-1.177474	13.49819
16.46	-1.176974	23.71285
16.47	-1.176474	3.138692
16.48	-1.175974	5.464549
16.490000000000002	-1.175474	17.93748
16.5	-1.174974	13.7066
16.51	-1.174474	24.70716
16.52	-1.173974	20.51265
16.53	-1.173474	24.72218
16.54	-1.172974	14.9547
16.55	-1.172474	10.77242
16.56	-1.171974	3.55818
16.57	-1.171474	10.7063
16.580000000000002	-1.170974	13.98228
16.59	-1.170474	12.12274
16.6	-1.169974	27.63568
16.61	-1.169474	10.15115
16.62	-1.168974	22.83975
16.63	-1.168474	11.26811
16.64	-1.167974	7.082304
16.65	-1.167474	9.397734
16.66	-1.166974	15.87724
16.67	-1.166474	7.151677
16.68	-1.165974	7.216142
16.69	-1.165474	7.966579
16.7	-1.164974	10.57489
16.71	-1.164474	5.231876
16.72	-1.163974	6.909412
16.73	-1.163474	7.753219
16.740000000000002	-1.162974	17.27053
16.75	-1.162474	-7.459641
16.76	-1.161974	22.79209
16.77	-1.161474	16.17991
16.78	-1.160974	-4.805248
16.79	-1.160474	19.41462
16.8	-1.159974	12.25979
16.81	-1.159474	4.233107
16.82	-1.158974	8.973577
16.830000000000002	-1.158474	11.16509
16.84	-1.157974	13.98798
16.85	-1.157474	3.574755
16.86	-1.156974	12.63192
16.87	-1.156474	7.242558
16.88	-1.155974	11.7251
16.89	-1.155473	20.5425
16.9	-1.154974	12.96282
16.91	-1.154474	25.47594
16.92	-1.153973	18.2265
16.93	-1.153474	12.36283
16.94	-1.152973	7.824933
16.95	-1.152473	13.82839
16.96	-1.151973	11.3602
16.97	-1.151473	0.208606
16.98	-1.150973	10.7835
16.990000000000002	-1.150473	8.174908
17.0	-1.149973	13.0428
17.01	-1.149473	13.82761
17.02	-1.148973	9.694811
17.03	-1.148473	12.21437
17.04	-1.147973	11.34993
17.05	-1.147473	18.18257
17.06	-1.146973	5.615654
17.07	-1.146473	5.476769
17.080000000000002	-1.145973	22.88214
17.09	-1.145473	15.91242
17.1	-1.144973	15.26686
17.11	-1.144473	15.25556
17.12	-1.143973	20.1931
17.13	-1.143473	10.93106
17.14	-1.142973	11.04662
17.150000000000002	-1.142473	24.59471
17.16	-1.141973	5.206465
17.17	-1.141473	9.208144
17.18	-1.140973	4.746697
17.19	-1.140473	24.22627
17.2	-1.139973	12.18996
17.21	-1.139473	15.80438
17.22	-1.138973	11.64394
17.23	-1.138473	9.23276
17.240000000000002	-1.137973	5.34059
17.25	-1.137473	7.513092
17.26	-1.136973	11.69884
17.27	-1.136473	11.84489
17.28	-1.135973	19.82402
17.29	-1.135473	13.1123
17.3	-1.134973	17.06792
17.31	-1.134473	7.595902
17.32	-1.133973	5.460755
17.330000000000002	-1.133473	11.55317
17.34	-1.132973	6.099501
17.35	-1.132473	22.33983
17.36	-1.131973	10.90563
17.37	-1.131473	10.96062
17.38	-1.130973	4.495026
17.39	-1.130473	17.58784
17.400000000000002	-1.129973	15.0226
17.41	-1.129473	-13.88882
17.42	-1.128973	11.35929
17.43	-1.128473	7.925889
17.44	-1.127973	7.447354
17.45	-1.127473	23.64938
17.46	-1.126973	9.703761
17.47	-1.126473	7.449582
17.48	-1.125973	16.7388
17.490000000000002	-1.125473	11.91047
17.5	-1.124973	12.3522
17.51	-1.124473	14.8235
17.52	-1.123973	25.38317
17.53	-1.123473	10.63695
17.54	-1.122972	24.94518
17.55	-1.122473	21.65804
17.56	-1.121972	7.763072
17.57	-1.121472	5.593279
17.580000000000002	-1.120972	10.08093
17.59	-1.120472	7.125719
17.6	-1.119972	6.876069
17.61	-1.119472	12.78329
17.62	-1.118972	9.579917
17.63	-1.118472	13.99787
17.64	-1.117972	5.631454
17.650000000000002	-1.117472	23.14148
17.66	-1.116972	12.51502
17.67	-1.116472	25.78234
17.68	-1.115972	0.603268
17.69	-1.115472	20.07882
17.7	-1.114972	24.06246
17.71	-1.114472	6.339543
17.72	-1.113972	15.00109
17.73	-1.113472	21.82994
17.740000000000002	-1.112972	11.23927
17.75	-1.112472	10.61303
17.76	-1.111972	-1.783627
17.77	-1.111472	10.30181
17.78	-1.110972	19.57038
17.79	-1.110472	22.4678
17.8	-1.109972	14.07496
17.81	-1.109472	13.22917
17.82	-1.108972	15.30009
17.830000000000002	-1.108472	11.33879
17.84	-1.107972	6.998371
17.85	-1.107472	13.38388
17.86	-1.106972	10.79014
17.87	-1.106472	15.75188
17.88	-1.105972	2.485968
17.89	-1.105472	12.65275
17.900000000000002	-1.104972	11.79138
17.91	-1.104472	16.52186
17.92	-1.103972	14.74881
17.93	-1.103472	4.945727
17.94	-1.102972	11.12984
17.95	-1.102472	17.2646
17.96	-1.101972	11.17624
17.97	-1.101472	13.89779
17.98	-1.100972	13.26289
17.990000000000002	-1.100472	9.98776
18.0	-1.099972	17.14204
18.01	-1.099472	24.83341
18.02	-1.098972	8.544781
18.03	-1.098472	16.31573
18.04	-1.097972	8.295713
18.05	-1.097472	-7.321965
18.06	-1.096972	9.240467
18.07	-1.096472	16.60719
18.080000000000002	-1.095972	24.20603
18.09	-1.095472	15.92905
18.1	-1.094972	0.149424
18.11	-1.094472	17.81965
18.12	-1.093972	17.81361
18.13	-1.093472	20.99342
18.14	-1.092972	11.85866
18.150000000000002	-1.092472	17.06768
18.16	-1.091972	11.11321
18.17	-1.091472	10.81874
18.18	-1.090971	22.30745
18.19	-1.090472	14.84816
18.2	-1.089972	15.23096
18.21	-1.089471	11.26216
18.22	-1.088971	-2.916076
18.23	-1.088471	20.57585
18.240000000000002	-1.087971	4.252656
18.25	-1.087471	12.05509
18.26	-1.086971	0.467122
18.27	-1.086471	4.886727
18.28	-1.085971	18.90112
18.29	-1.085471	14.43662
18.3	-1.084971	14.52023
18.31	-1.084471	21.16894
18.32	-1.083971	5.892473
18.330000000000002	-1.083471	15.21628
18.34	-1.082971	16.23013
18.35	-1.082471	13.36661
18.36	-1.081971	5.976535
18.37	-1.081471	21.18501
18.38	-1.080971	23.92933
18.39	-1.080471	6.420018
18.400000000000002	-1.079971	12.90217
18.41	-1.079471	11.89768
18.42	-1.078971	5.582371
18.43	-1.078471	19.33231
18.44	-1.077971	7.172263
18.45	-1.077471	20.66035
18.46	-1.076971	30.03063
18.47	-1.076471	6.572254
18.48	-1.075971	-5.029267
18.490000000000002	-1.075471	10.79237
18.5	-1.074971	5.863499
18.51	-1.074471	10.23411
18.52	-1.073971	12.00972
18.53	-1.073471	15.4424
18.54	-1.072971	1.728748
18.55	-1.072471	13.36116
18.56	-1.071971	19.64478
18.57	-1.071471	13.8886
18.580000000000002	-1.070971	20.16979
18.59	-1.070471	13.37842
18.6	-1.069971	14.9883
18.61	-1.069471	14.0994
18.62	-1.068971	8.300521
18.63	-1.068471	14.0014
18.64	-1.067971	-0.957978
18.650000000000002	-1.067471	22.77802
18.66	-1.066971	17.51611
18.67	-1.066471	11.96562
18.68	-1.065971	14.61713
18.69	-1.065471	5.718392
18.7	-1.064971	4.427484
18.71	-1.064471	17.62713
18.72	-1.063971	5.754744
18.73	-1.063471	3.020508
18.740000000000002	-1.062971	18.98222
18.75	-1.062471	29.24097
18.76	-1.061971	10.66403
18.77	-1.061471	5.679347
18.78	-1.060971	21.68358
18.79	-1.060471	19.59554
18.8	-1.059971	11.12358
18.81	-1.059471	27.65993
18.82	-1.058971	17.44571
18.830000000000002	-1.05847	12.386
18.84	-1.057971	10.2789
18.85	-1.05747	16.90335
18.86	-1.05697	8.707967
18.87	-1.056471	7.285891
18.88	-1.05597	5.939764
18.89	-1.05547	22.3035
18.900000000000002	-1.05497	7.818519
18.91	-1.05447	8.919113
18.92	-1.05397	11.22389
18.93	-1.05347	11.00515
18.94	-1.05297	20.85568
18.95	-1.05247	19.4948
18.96	-1.05197	6.168179
18.97	-1.05147	11.72274
18.98	-1.05097	6.412244
18.990000000000002	-1.05047	25.76675
19.0	-1.04997	11.43465
19.01	-1.04947	18.04274
19.02	-1.04897	9.891528
19.03	-1.04847	2.699697
19.04	-1.04797	16.10753
19.05	-1.04747	22.90774
19.06	-1.04697	0.91825
19.07	-1.04647	8.873766
19.080000000000002	-1.04597	7.564757
19.09	-1.04547	14.12519
19.1	-1.04497	8.178652
19.11	-1.04447	17.2214
19.12	-1.04397	12.01375
19.13	-1.04347	4.047691
19.14	-1.04297	9.608425
19.150000000000002	-1.04247	10.19112
19.16	-1.04197	28.83181
19.17	-1.04147	20.36403
19.18	-1.04097	19.64083
19.19	-1.04047	17.5931
19.2	-1.03997	8.813476
19.21	-1.03947	19.00438
19.22	-1.03897	10.88374
19.23	-1.03847	18.45685
19.240000000000002	-1.03797	13.28228
19.25	-1.03747	8.282847
19.26	-1.03697	18.15978
19.27	-1.03647	27.17787
19.28	-1.03597	10.04481
19.29	-1.03547	5.256421
19.3	-1.03497	-0.169496
19.31	-1.03447	12.01414
19.32	-1.03397	19.41601
19.330000000000002	-1.03347	17.79654
19.34	-1.03297	13.80956
19.35	-1.03247	16.99836
19.36	-1.03197	22.04167
19.37	-1.03147	3.696782
19.38	-1.03097	21.95162
19.39	-1.03047	19.54289
19.400000000000002	-1.02997	11.12207
19.41	-1.02947	3.149637
19.42	-1.02897	18.21405
19.43	-1.02847	16.92449
19.44	-1.02797	21.89118
19.45	-1.02747	12.17336
19.46	-1.02697	14.02387
19.47	-1.026469	19.98631
19.48	-1.02597	17.2111
19.490000000000002	-1.02547	13.11301
19.5	-1.024969	16.49787
19.51	-1.024469	11.09621
19.52	-1.023969	5.48536
19.53	-1.023469	6.590915
19.54	-1.022969	14.90689
19.55	-1.022469	17.46571
19.56	-1.021969	4.38632
19.57	-1.021469	17.79315
19.580000000000002	-1.020969	9.928723
19.59	-1.020469	19.1236
19.6	-1.019969	18.0485
19.61	-1.019469	7.714503
19.62	-1.018969	7.8403
19.63	-1.018469	19.88401
19.64	-1.017969	2.157249
19.650000000000002	-1.017469	12.45283
19.66	-1.016969	4.328962
19.67	-1.016469	13.66122
19.68	-1.015969	4.254997
19.69	-1.015469	20.8252
19.7	-1.014969	25.18013
19.71	-1.014469	18.27955
19.72	-1.013969	15.20629
19.73	-1.013469	0.520702
19.740000000000002	-1.012969	2.82857
19.75	-1.012469	10.99825
19.76	-1.011969	14.68549
19.77	-1.011469	13.32711
19.78	-1.010969	15.40962
19.79	-1.010469	0.70307
19.8	-1.009969	22.8675
19.81	-1.009469	15.92821
19.82	-1.008969	3.407499
19.830000000000002	-1.008469	10.15989
19.84	-1.007969	-0.887642
19.85	-1.007469	6.963961
19.86	-1.006969	17.78759
19.87	-1.006469	9.283174
19.88	-1.005969	-1.451235
19.89	-1.005469	7.194634
19.900000000000002	-1.004969	22.08782
19.91	-1.004469	10.97586
19.92	-1.003969	21.64083
19.93	-1.003469	13.51676
19.94	-1.002969	21.81293
19.95	-1.002469	13.27151
19.96	-1.001969	16.78989
19.97	-1.001469	12.79992
19.98	-1.000969	21.07816
19.990000000000002	-1.000469	5.897907
20.0	-0.999969	9.168381
20.01	-0.999469	22.06418
20.02	-0.998969	21.5675
20.03	-0.998469	12.63789
20.04	-0.997969	6.069948
20.05	-0.997469	4.730988
20.06	-0.996969	19.10923
20.07	-0.996469	14.47371
20.080000000000002	-0.995969	22.0696
20.09	-0.995469	17.86281
20.1	-0.994969	5.201423
20.11	-0.994469	20.45342
20.12	-0.993969	21.021
20.13	-0.993469	13.60004
20.14	-0.992969	20.34215
20.150000000000002	-0.992469	19.02896
20.16	-0.991968	12.98664
20.17	-0.991468	6.793583
20.18	-0.990968	19.5177
20.19	-0.990468	21.43906
20.2	-0.989968	9.41473
20.21	-0.989468	11.94869
20.22	-0.988968	9.219751
20.23	-0.988468	21.98972
20.240000000000002	-0.987968	24.93418
20.25	-0.987468	17.52108
20.26	-0.986968	17.88151
20.27	-0.986468	26.37387
20.28	-0.985968	22.70458
20.29	-0.985468	26.78209
20.3	-0.984968	14.20185
20.31	-0.984468	14.20878
20.32	-0.983968	11.06216
20.330000000000002	-0.983468	22.74498
20.34	-0.982968	8.95767
20.35	-0.982468	19.68851
20.36	-0.981968	16.89516
20.37	-0.981468	9.198843
20.38	-0.980968	7.182899
20.39	-0.980468	21.182
20.400000000000002	-0.979968	29.33774
20.41	-0.979468	10.17675
20.42	-0.978968	16.25342
20.43	-0.978468	27.80719
20.44	-0.977968	13.8443
20.45	-0.977468	14.41847
20.46	-0.976968	4.856453
20.47	-0.976468	12.62238
20.48	-0.975968	11.45509
20.490000000000002	-0.975468	18.90758
20.5	-0.974968	7.73147
20.51	-0.974468	16.97962
20.52	-0.973968	10.66647
20.53	-0.973468	25.17642
20.54	-0.972968	12.92863
20.55	-0.972468	13.57585
20.56	-0.971968	13.6678
20.57	-0.971468	12.69454
20.580000000000002	-0.970968	20.65857
20.59	-0.970468	22.2844
20.6	-0.969968	9.900707
20.61	-0.969468	9.026522
20.62	-0.968968	24.79647
20.63	-0.968468	12.8709
20.64	-0.967968	6.456627
20.650000000000002	-0.967468	25.98649
20.66	-0.966968	8.498822
20.67	-0.966468	22.40017
20.68	-0.965968	24.02959
20.69	-0.965468	19.77031
20.7	-0.964968	11.43776
20.71	-0.964468	20.50648
20.72	-0.963968	17.74577
20.73	-0.963468	22.42928
20.740000000000002	-0.962968	12.01086
20.75	-0.962468	-1.521475
20.76	-0.961968	13.55209
20.77	-0.961468	2.016968
20.78	-0.960968	21.69661
20.79	-0.960467	3.982331
20.8	-0.959968	10.83163
20.81	-0.959468	27.05353
20.82	-0.958967	11.36027
20.830000000000002	-0.958467	8.983785
20.84	-0.957967	22.21907
20.85	-0.957467	17.47514
20.86	-0.956967	20.52427
20.87	-0.956467	19.3199
20.88	-0.955967	0.905077
20.89	-0.955467	18.20938
20.900000000000002	-0.954967	11.21017
20.91	-0.954467	11.18635
20.92	-0.953967	19.87081
20.93	-0.953467	15.66352
20.94	-0.952967	15.30755
20.95	-0.952467	19.40367
20.96	-0.951967	21.60984
20.97	-0.951467	15.37878
20.98	-0.950967	15.63409
20.990000000000002	-0.950467	13.52403
21.0	-0.949967	22.68355
21.01	-0.949467	13.01448
21.02	-0.948967	20.7464
21.03	-0.948467	23.51121
21.04	-0.947967	17.57947
21.05	-0.947467	19.56945
21.06	-0.946967	15.74858
21.07	-0.946467	16.92949
21.080000000000002	-0.945967	18.54085
21.09	-0.945467	11.98864
21.1	-0.944967	9.775999
21.11	-0.944467	8.415376
21.12	-0.943967	14.47273
21.13	-0.943467	19.16861
21.14	-0.942967	20.35828
21.150000000000002	-0.942467	9.744942
21.16	-0.941967	5.854835
21.17	-0.941467	21.12101
21.18	-0.940967	17.82586
21.19	-0.940467	15.29367
21.2	-0.939967	15.94935
21.21	-0.939467	16.57962
21.22	-0.938967	30.75274
21.23	-0.938467	13.27536
21.240000000000002	-0.937967	14.65386
21.25	-0.937467	18.48225
21.26	-0.936967	2.445637
21.27	-0.936467	22.60117
21.28	-0.935967	5.501171
21.29	-0.935467	9.970901
21.3	-0.934967	21.37051
21.31	-0.934467	17.4413
21.32	-0.933967	12.07056
21.330000000000002	-0.933467	22.07499
21.34	-0.932967	19.82149
21.35	-0.932467	30.69384
21.36	-0.931967	11.15811
21.37	-0.931467	18.27051
21.38	-0.930967	15.13223
21.39	-0.930467	22.9537
21.400000000000002	-0.929967	17.24079
21.41	-0.929467	28.42627
21.42	-0.928967	18.05694
21.43	-0.928467	8.946858
21.44	-0.927967	8.168063
21.45	-0.927466	20.41323
21.46	-0.926966	14.30805
21.47	-0.926466	16.32017
21.48	-0.925966	12.71782
21.490000000000002	-0.925466	18.74801
21.5	-0.924966	19.26441
21.51	-0.924466	13.45283
21.52	-0.923966	17.17872
21.53	-0.923466	14.46089
21.54	-0.922966	25.21956
21.55	-0.922466	24.80961
21.56	-0.921966	18.34275
21.57	-0.921466	14.86041
21.580000000000002	-0.920966	26.4868
21.59	-0.920466	21.99035
21.6	-0.919966	24.92108
21.61	-0.919466	23.00916
21.62	-0.918966	19.36304
21.63	-0.918466	20.86599
21.64	-0.917966	26.6173
21.650000000000002	-0.917466	14.80554
21.66	-0.916966	22.82946
21.67	-0.916466	16.32984
21.68	-0.915966	13.03767
21.69	-0.915466	14.6138
21.7	-0.914966	11.51602
21.71	-0.914466	17.00334
21.72	-0.913966	10.48947
21.73	-0.913466	20.75773
21.740000000000002	-0.912966	8.837431
21.75	-0.912466	12.17625
21.76	-0.911966	15.55461
21.77	-0.911466	7.647549
21.78	-0.910966	23.76686
21.79	-0.910466	14.59786
21.8	-0.909966	21.10915
21.81	-0.909466	18.23295
21.82	-0.908966	24.51874
21.830000000000002	-0.908466	17.10962
21.84	-0.907966	11.66588
21.85	-0.907466	15.16187
21.86	-0.906966	16.94955
21.87	-0.906466	18.46686
21.88	-0.905966	-2.40598
21.89	-0.905466	18.95297
21.900000000000002	-0.904966	21.09577
21.91	-0.904466	14.04094
21.92	-0.903966	23.86119
21.93	-0.903466	14.45499
21.94	-0.902966	27.01522
21.95	-0.902466	9.188936
21.96	-0.901966	26.83929
21.97	-0.901466	16.49678
21.98	-0.900966	8.731345
21.990000000000002	-0.900466	3.76987
22.0	-0.899966	18.05188
22.01	-0.899466	14.95875
22.02	-0.898966	6.744571
22.03	-0.898466	16.17256
22.04	-0.897966	8.317733
22.05	-0.897466	18.99991
22.06	-0.896966	24.28887
22.07	-0.896466	34.8473
22.080000000000002	-0.895965	10.92676
22.09	-0.895466	5.612197
22.1	-0.894966	20.29692
22.11	-0.894465	20.41027
22.12	-0.893965	13.42938
22.13	-0.893465	15.90788
22.14	-0.892965	21.16176
22.150000000000002	-0.892465	5.962799
22.16	-0.891965	21.87995
22.17	-0.891465	28.30628
22.18	-0.890965	10.44575
22.19	-0.890465	13.68174
22.2	-0.889965	24.54926
22.21	-0.889465	12.42875
22.22	-0.888965	18.42369
22.23	-0.888465	14.05098
22.240000000000002	-0.887965	10.85526
22.25	-0.887465	9.610896
22.26	-0.886965	20.77043
22.27	-0.886465	10.68707
22.28	-0.885965	23.70132
22.29	-0.885465	18.75078
22.3	-0.884965	14.37045
22.31	-0.884465	0.499784
22.32	-0.883965	20.93432
22.330000000000002	-0.883465	16.80538
22.34	-0.882965	13.10101
22.35	-0.882465	27.75705
22.36	-0.881965	28.19138
22.37	-0.881465	11.89663
22.38	-0.880965	5.438716
22.39	-0.880465	16.77035
22.400000000000002	-0.879965	23.29794
22.41	-0.879465	1.684987
22.42	-0.878965	1.821539
22.43	-0.878465	14.12787
22.44	-0.877965	27.20999
22.45	-0.877465	15.04661
22.46	-0.876965	6.490356
22.47	-0.876465	5.564587
22.48	-0.875965	15.50425
22.490000000000002	-0.875465	7.41142
22.5	-0.874965	13.8897
22.51	-0.874465	5.278191
22.52	-0.873965	15.62507
22.53	-0.873465	3.722657
22.54	-0.872965	19.23387
22.55	-0.872465	21.19882
22.56	-0.871965	18.31832
22.57	-0.871465	14.61832
22.580000000000002	-0.870965	14.75121
22.59	-0.870465	8.771295
22.6	-0.869965	9.617436
22.61	-0.869465	19.95571
22.62	-0.868965	28.33006
22.63	-0.868465	21.38146
22.64	-0.867965	20.05938
22.650000000000002	-0.867465	19.53316
22.66	-0.866965	14.67833
22.67	-0.866465	7.345996
22.68	-0.865965	19.58585
22.69	-0.865465	25.83081
22.7	-0.864965	28.1718
22.71	-0.864465	23.30219
22.72	-0.863965	19.36945
22.73	-0.863465	7.600035
22.740000000000002	-0.862964	17.00252
22.75	-0.862464	27.39828
22.76	-0.861964	7.645239
22.77	-0.861464	27.81271
22.78	-0.860964	8.871863
22.79	-0.860464	17.24581
22.8	-0.859964	7.253873
22.81	-0.859464	26.49493
22.82	-0.858964	16.14854
22.830000000000002	-0.858464	9.519375
22.84	-0.857964	17.84632
22.85	-0.857464	14.6928
22.86	-0.856964	16.73681
22.87	-0.856464	12.93932
22.88	-0.855964	22.91244
22.89	-0.855464	14.65617
22.900000000000002	-0.854964	8.713082
22.91	-0.854464	24.17129
22.92	-0.853964	-0.947474
22.93	-0.853464	10.49863
22.94	-0.852964	24.66036
22.95	-0.852464	20.93138
22.96	-0.851964	17.04346
22.97	-0.851464	8.924347
22.98	-0.850964	17.94289
22.990000000000002	-0.850464	2.149518
23.0	-0.849964	23.31899
23.01	-0.849464	22.63002
23.02	-0.848964	19.49925
23.03	-0.848464	19.12588
23.04	-0.847964	24.27591
23.05	-0.847464	19.90214
23.06	-0.846964	19.66503
23.07	-0.846464	10.67448
23.080000000000002	-0.845964	22.19845
23.09	-0.845464	11.27324
23.1	-0.844964	27.0996
23.11	-0.844464	20.73389
23.12	-0.843964	12.46788
23.13	-0.843464	25.76027
23.14	-0.842964	12.66623
23.150000000000002	-0.842464	6.34942
23.16	-0.841964	16.3352
23.17	-0.841464	7.792958
23.18	-0.840964	18.7336
23.19	-0.840464	8.532181
23.2	-0.839964	14.97002
23.21	-0.839464	13.96654
23.22	-0.838964	10.00364
23.23	-0.838464	19.21496
23.240000000000002	-0.837964	14.06016
23.25	-0.837464	16.91949
23.26	-0.836964	23.58525
23.27	-0.836464	8.149585
23.28	-0.835964	10.49787
23.29	-0.835464	14.18008
23.3	-0.834964	11.30007
23.31	-0.834464	30.71486
23.32	-0.833964	11.96804
23.330000000000002	-0.833464	19.95387
23.34	-0.832964	13.08258
23.35	-0.832464	26.59124
23.36	-0.831964	22.36327
23.37	-0.831464	14.08353
23.38	-0.830964	16.62508
23.39	-0.830464	27.50632
23.400000000000002	-0.829963	17.484
23.41	-0.829463	6.534601
23.42	-0.828963	14.67806
23.43	-0.828463	14.1808
23.44	-0.827963	24.54109
23.45	-0.827463	16.16644
23.46	-0.826963	18.07749
23.47	-0.826463	24.39197
23.48	-0.825963	15.11992
23.490000000000002	-0.825463	4.335346
23.5	-0.824963	23.55479
23.51	-0.824463	26.36107
23.52	-0.823963	25.52918
23.53	-0.823463	16.6933
23.54	-0.822963	24.29216
23.55	-0.822463	17.8265
23.56	-0.821963	7.209562
23.57	-0.821463	21.14533
23.580000000000002	-0.820963	23.53461
23.59	-0.820463	20.78151
23.6	-0.819963	24.97503
23.61	-0.819463	16.51543
23.62	-0.818963	18.24261
23.63	-0.818463	27.91252
23.64	-0.817963	19.15653
23.650000000000002	-0.817463	23.23557
23.66	-0.816963	15.11996
23.67	-0.816463	20.78314
23.68	-0.815963	24.39582
23.69	-0.815463	17.5957
23.7	-0.814963	14.81092
23.71	-0.814463	17.04872
23.72	-0.813963	22.45627
23.73	-0.813463	27.92653
23.740000000000002	-0.812963	20.86772
23.75	-0.812463	22.99757
23.76	-0.811963	30.99861
23.77	-0.811463	15.13903
23.78	-0.810963	11.9922
23.79	-0.810463	15.67539
23.8	-0.809963	10.10755
23.81	-0.809463	12.04904
23.82	-0.808963	17.12699
23.830000000000002	-0.808463	7.362468
23.84	-0.807963	27.9023
23.85	-0.807463	16.67179
23.86	-0.806963	20.43491
23.87	-0.806463	16.53959
23.88	-0.805963	15.27845
23.89	-0.805463	11.11633
23.900000000000002	-0.804963	29.68567
23.91	-0.804463	17.64508
23.92	-0.803963	20.86135
23.93	-0.803463	17.23469
23.94	-0.802963	27.67422
23.95	-0.802463	19.55464
23.96	-0.801963	12.5613
23.97	-0.801463	18.77852
23.98	-0.800963	19.12377
23.990000000000002	-0.800463	20.9669
24.0	-0.799963	10.67637
24.01	-0.799463	20.42178
24.02	-0.798963	21.91496
24.03	-0.798462	23.54783
24.04	-0.797962	25.1231
24.05	-0.797462	14.11223
24.060000000000002	-0.796962	25.24233
24.07	-0.796462	-0.451687
24.080000000000002	-0.795962	20.85352
24.09	-0.795462	27.4726
24.1	-0.794962	12.81108
24.11	-0.794462	23.19991
24.12	-0.793962	13.60267
24.13	-0.793462	30.99637
24.14	-0.792962	14.62407
24.150000000000002	-0.792462	14.81884
24.16	-0.791962	31.68273
24.17	-0.791462	20.04723
24.18	-0.790962	22.60541
24.19	-0.790462	4.176753
24.2	-0.789962	25.41162
24.21	-0.789462	13.46189
24.22	-0.788962	26.73984
24.23	-0.788462	27.0184
24.240000000000002	-0.787962	8.427534
24.25	-0.787462	19.11873
24.26	-0.786962	14.65417
24.27	-0.786462	30.71359
24.28	-0.785962	30.83799
24.29	-0.785462	19.93025
24.3	-0.784962	22.31019
24.310000000000002	-0.784462	21.43569
24.32	-0.783962	13.8772
24.330000000000002	-0.783462	14.9792
24.34	-0.782962	11.93477
24.35	-0.782462	17.75415
24.36	-0.781962	10.1109
24.37	-0.781462	25.30926
24.38	-0.780962	3.204626
24.39	-0.780462	26.2064
24.400000000000002	-0.779962	14.17344
24.41	-0.779462	18.78137
24.42	-0.778962	13.55344
24.43	-0.778462	22.61007
24.44	-0.777962	13.92297
24.45	-0.777462	22.09342
24.46	-0.776962	20.86445
24.47	-0.776462	33.09555
24.48	-0.775962	26.68947
24.490000000000002	-0.775462	18.41624
24.5	-0.774962	21.97155
24.51	-0.774462	13.8962
24.52	-0.773962	4.911889
24.53	-0.773462	19.27659
24.54	-0.772962	27.39053
24.55	-0.772462	10.6622
24.560000000000002	-0.771962	20.23511
24.57	-0.771462	7.642634
24.580000000000002	-0.770962	19.27939
24.59	-0.770462	29.05408
24.6	-0.769962	13.52127
24.61	-0.769462	12.40026
24.62	-0.768962	15.51747
24.63	-0.768462	7.176476
24.64	-0.767962	17.91728
24.650000000000002	-0.767462	17.56617
24.66	-0.766962	19.30552
24.67	-0.766462	24.3448
24.68	-0.765961	26.81717
24.69	-0.765461	13.87756
24.7	-0.764961	25.76613
24.71	-0.764461	10.04906
24.72	-0.763961	20.98434
24.73	-0.763461	23.01075
24.740000000000002	-0.762961	11.15501
24.75	-0.762461	18.57405
24.76	-0.761961	19.29516
24.77	-0.761461	32.9304
24.78	-0.760961	29.0123
24.79	-0.760461	17.60098
24.8	-0.759961	25.40941
24.810000000000002	-0.759461	23.23682
24.82	-0.758961	9.801189
24.830000000000002	-0.758461	22.11797
24.84	-0.757961	15.76252
24.85	-0.757461	18.6816
24.86	-0.756961	28.89717
24.87	-0.756461	19.89422
24.88	-0.755961	19.95617
24.89	-0.755461	10.69238
24.900000000000002	-0.754961	16.06447
24.91	-0.754461	17.33077
24.92	-0.753961	15.13846
24.93	-0.753461	14.68449
24.94	-0.752961	20.07156
24.95	-0.752461	13.50111
24.96	-0.751961	26.72207
24.97	-0.751461	25.32693
24.98	-0.750961	13.63865
24.990000000000002	-0.750461	24.49673
25.0	-0.749961	20.59713
25.01	-0.749461	21.56963
25.02	-0.748961	14.79692
25.03	-0.748461	32.20493
25.04	-0.747961	22.28837
25.05	-0.747461	23.14014
25.060000000000002	-0.746961	20.7627
25.07	-0.746461	10.96178
25.080000000000002	-0.745961	25.0849
25.09	-0.745461	35.65794
25.1	-0.744961	21.34416
25.11	-0.744461	5.499144
25.12	-0.743961	16.78698
25.13	-0.743461	14.03458
25.14	-0.742961	21.85629
25.150000000000002	-0.742461	27.59075
25.16	-0.741961	11.81324
25.17	-0.741461	5.524767
25.18	-0.740961	22.9463
25.19	-0.740461	19.94321
25.2	-0.739961	28.85261
25.21	-0.739461	14.76036
25.22	-0.738961	11.0486
25.23	-0.738461	10.39746
25.240000000000002	-0.737961	17.51595
25.25	-0.737461	32.26223
25.26	-0.736961	21.03062
25.27	-0.736461	13.30028
25.28	-0.735961	30.48188
25.29	-0.735461	16.39818
25.3	-0.734961	20.34392
25.310000000000002	-0.734461	14.15691
25.32	-0.73396	16.3421
25.330000000000002	-0.73346	19.34452
25.34	-0.73296	23.46491
25.35	-0.73246	17.33788
25.36	-0.73196	29.64425
25.37	-0.73146	32.9264
25.38	-0.73096	26.03345
25.39	-0.73046	20.69279
25.400000000000002	-0.72996	15.7447
25.41	-0.72946	35.35754
25.42	-0.72896	24.00054
25.43	-0.72846	12.30184
25.44	-0.72796	22.42106
25.45	-0.72746	27.91385
25.46	-0.72696	25.82096
25.47	-0.72646	25.51844
25.48	-0.72596	22.87028
25.490000000000002	-0.72546	29.15378
25.5	-0.72496	12.81096
25.51	-0.72446	31.26571
25.52	-0.72396	18.91501
25.53	-0.72346	13.56828
25.54	-0.72296	23.80466
25.55	-0.72246	23.20745
25.560000000000002	-0.72196	19.59956
25.57	-0.72146	13.56813
25.580000000000002	-0.72096	18.00811
25.59	-0.72046	11.51358
25.6	-0.71996	19.28308
25.61	-0.71946	15.26248
25.62	-0.71896	12.33183
25.63	-0.71846	19.61633
25.64	-0.71796	21.27211
25.650000000000002	-0.71746	16.73879
25.66	-0.71696	17.58523
25.67	-0.71646	16.82852
25.68	-0.71596	12.54122
25.69	-0.71546	20.03039
25.7	-0.71496	24.02706
25.71	-0.71446	12.71903
25.72	-0.71396	28.12965
25.73	-0.71346	10.39352
25.740000000000002	-0.71296	23.32017
25.75	-0.71246	25.70526
25.76	-0.71196	36.0714
25.77	-0.71146	12.99189
25.78	-0.71096	10.90327
25.79	-0.71046	25.203
25.8	-0.70996	18.20741
25.810000000000002	-0.70946	23.77045
25.82	-0.70896	31.17585
25.830000000000002	-0.70846	24.50618
25.84	-0.70796	22.83885
25.85	-0.70746	15.51376
25.86	-0.70696	19.83728
25.87	-0.70646	17.92592
25.88	-0.70596	24.20038
25.89	-0.70546	23.32208
25.900000000000002	-0.70496	19.04329
25.91	-0.70446	23.96708
25.92	-0.70396	26.75159
25.93	-0.70346	24.57467
25.94	-0.70296	17.97232
25.95	-0.70246	24.72732
25.96	-0.70196	18.23289
25.97	-0.701459	13.005
25.98	-0.700959	16.93365
25.990000000000002	-0.700459	26.64176
26.0	-0.699959	19.17784
26.01	-0.699459	16.48512
26.02	-0.698959	17.80645
26.03	-0.698459	14.26474
26.04	-0.697959	24.07483
26.05	-0.697459	27.59218
26.060000000000002	-0.696959	19.25301
26.07	-0.696459	27.9696
26.080000000000002	-0.695959	19.83452
26.09	-0.695459	28.34605
26.1	-0.694959	33.58275
26.11	-0.694459	23.6857
26.12	-0.693959	16.75852
26.13	-0.693459	23.36769
26.14	-0.692959	14.76098
26.150000000000002	-0.692459	13.52995
26.16	-0.691959	22.10837
26.17	-0.691459	26.50543
26.18	-0.690959	26.22456
26.19	-0.690459	20.07694
26.2	-0.689959	-0.256293
26.21	-0.689459	24.86768
26.22	-0.688959	22.98146
26.23	-0.688459	12.78791
26.240000000000002	-0.687959	19.8497
26.25	-0.687459	26.46873
26.26	-0.686959	23.12057
26.27	-0.686459	29.56576
26.28	-0.685959	33.46964
26.29	-0.685459	19.19311
26.3	-0.684959	11.76923
26.310000000000002	-0.684459	22.41629
26.32	-0.683959	17.26207
26.330000000000002	-0.683459	18.64968
26.34	-0.682959	17.44118
26.35	-0.682459	19.15071
26.36	-0.681959	19.66996
26.37	-0.681459	15.92613
26.38	-0.680959	20.71329
26.39	-0.680459	18.08226
26.400000000000002	-0.679959	16.79598
26.41	-0.679459	17.54101
26.42	-0.678959	6.791187
26.43	-0.678459	23.39738
26.44	-0.677959	32.79943
26.45	-0.677459	21.96237
26.46	-0.676959	15.38023
26.47	-0.676459	34.25305
26.48	-0.675959	21.68145
26.490000000000002	-0.675459	12.38954
26.5	-0.674959	22.68013
26.51	-0.674459	14.44864
26.52	-0.673959	28.13132
26.53	-0.673459	17.99938
26.54	-0.672959	25.84691
26.55	-0.672459	12.20739
26.560000000000002	-0.671959	29.24282
26.57	-0.671459	23.38888
26.580000000000002	-0.670959	28.04511
26.59	-0.670459	20.56866
26.6	-0.669959	28.48142
26.61	-0.669458	20.78702
26.62	-0.668958	29.86696
26.63	-0.668458	25.49249
26.64	-0.667958	17.01206
26.650000000000002	-0.667458	21.82415
26.66	-0.666958	32.57859
26.67	-0.666458	19.55975
26.68	-0.665958	17.15502
26.69	-0.665458	22.95608
26.7	-0.664958	25.53927
26.71	-0.664458	18.07744
26.72	-0.663958	16.1184
26.73	-0.663458	19.61065
26.740000000000002	-0.662958	22.91084
26.75	-0.662458	15.25996
26.76	-0.661958	27.26271
26.77	-0.661458	22.31531
26.78	-0.660958	13.76538
26.79	-0.660458	16.56255
26.8	-0.659958	11.43705
26.810000000000002	-0.659458	23.17242
26.82	-0.658958	16.93248
26.830000000000002	-0.658458	27.07376
26.84	-0.657958	16.60573
26.85	-0.657458	27.36692
26.86	-0.656958	26.23218
26.87	-0.656458	10.43623
26.88	-0.655958	12.31362
26.89	-0.655458	32.60374
26.900000000000002	-0.654958	22.5092
26.91	-0.654458	20.69666
26.92	-0.653958	33.39144
26.93	-0.653458	22.89372
26.94	-0.652958	20.62298
26.95	-0.652458	24.94995
26.96	-0.651958	18.47492
26.97	-0.651458	13.79015
26.98	-0.650958	17.23269
26.990000000000002	-0.650458	18.55637
27.0	-0.649958	20.1991
27.01	-0.649458	33.85636
27.02	-0.648958	21.36718
27.03	-0.648458	22.0233
27.04	-0.647958	21.89892
27.05	-0.647458	11.03078
27.060000000000002	-0.646958	22.16784
27.07	-0.646458	31.6831
27.080000000000002	-0.645958	29.57367
27.09	-0.645458	30.05918
27.1	-0.644958	32.95221
27.11	-0.644458	19.8004
27.12	-0.643958	13.84967
27.13	-0.643458	14.22251
27.14	-0.642958	20.56155
27.150000000000002	-0.642458	11.98178
27.16	-0.641958	19.19111
27.17	-0.641458	18.34306
27.18	-0.640958	32.12326
27.19	-0.640458	10.8884
27.2	-0.639958	19.14054
27.21	-0.639458	17.33722
27.22	-0.638958	23.79062
27.23	-0.638458	33.07205
27.240000000000002	-0.637958	14.4623
27.25	-0.637458	32.12074
27.26	-0.636957	15.02645
27.27	-0.636457	22.32015
27.28	-0.635957	27.56258
27.29	-0.635457	15.90728
27.3	-0.634957	28.34271
27.310000000000002	-0.634457	16.15152
27.32	-0.633957	19.1006
27.330000000000002	-0.633457	19.82656
27.34	-0.632957	12.15753
27.35	-0.632457	31.55007
27.36	-0.631957	22.17548
27.37	-0.631457	17.17061
27.38	-0.630957	24.16529
27.39	-0.630457	25.43382
27.400000000000002	-0.629957	31.71649
27.41	-0.629457	31.13824
27.42	-0.628957	13.00066
27.43	-0.628457	32.48934
27.44	-0.627957	17.85144
27.45	-0.627457	17.65904
27.46	-0.626957	14.38584
27.47	-0.626457	34.74387
27.48	-0.625957	27.82343
27.490000000000002	-0.625457	26.78073
27.5	-0.624957	4.075525
27.51	-0.624457	13.46691
27.52	-0.623957	26.63962
27.53	-0.623457	28.75995
27.54	-0.622957	23.15858
27.55	-0.622457	11.33792
27.560000000000002	-0.621957	24.25334
27.57	-0.621457	20.76669
27.580000000000002	-0.620957	30.42385
27.59	-0.620457	19.14891
27.6	-0.619957	27.78194
27.61	-0.619457	13.29904
27.62	-0.618957	13.86007
27.63	-0.618457	23.37097
27.64	-0.617957	13.76164
27.650000000000002	-0.617457	29.31717
27.66	-0.616957	23.86519
27.67	-0.616457	18.80647
27.68	-0.615957	25.53435
27.69	-0.615457	26.28062
27.7	-0.614957	17.16717
27.71	-0.614457	24.10504
27.72	-0.613957	27.26419
27.73	-0.613457	15.587
27.740000000000002	-0.612957	18.19412
27.75	-0.612457	10.79829
27.76	-0.611957	11.37385
27.77	-0.611457	26.00421
27.78	-0.610957	28.08017
27.79	-0.610457	28.70135
27.8	-0.609957	22.83855
27.810000000000002	-0.609457	28.98423
27.82	-0.608957	21.41309
27.830000000000002	-0.608457	26.37171
27.84	-0.607957	28.06971
27.85	-0.607457	21.64062
27.86	-0.606957	23.13939
27.87	-0.606457	19.02665
27.88	-0.605957	20.70655
27.89	-0.605457	28.41964
27.900000000000002	-0.604956	30.81767
27.91	-0.604457	21.97167
27.92	-0.603956	23.96685
27.93	-0.603456	29.05791
27.94	-0.602956	33.98136
27.95	-0.602456	25.18294
27.96	-0.601956	27.48961
27.97	-0.601456	15.04858
27.98	-0.600956	23.67525
27.990000000000002	-0.600456	14.51122
28.0	-0.599956	30.51083
28.01	-0.599456	14.01467
28.02	-0.598956	25.0611
28.03	-0.598456	20.77446
28.04	-0.597956	19.38539
28.05	-0.597456	24.09978
28.060000000000002	-0.596956	25.71118
28.07	-0.596456	19.39715
28.080000000000002	-0.595956	26.62922
28.09	-0.595456	27.32938
28.1	-0.594956	26.45342
28.11	-0.594456	8.953211
28.12	-0.593956	25.24145
28.13	-0.593456	24.87088
28.14	-0.592956	33.20734
28.150000000000002	-0.592456	30.73056
28.16	-0.591956	26.59325
28.17	-0.591456	30.67422
28.18	-0.590956	20.36441
28.19	-0.590456	16.22012
28.2	-0.589956	16.02563
28.21	-0.589456	23.54579
28.22	-0.588956	23.23052
28.23	-0.588456	20.86228
28.240000000000002	-0.587956	23.65902
28.25	-0.587456	19.28812
28.26	-0.586956	29.86432
28.27	-0.586456	33.49587
28.28	-0.585956	26.23377
28.29	-0.585456	19.42966
28.3	-0.584956	31.53912
28.310000000000002	-0.584456	18.41764
28.32	-0.583956	19.8286
28.330000000000002	-0.583456	19.49046
28.34	-0.582956	19.45402
28.35	-0.582456	24.82347
28.36	-0.581956	13.46929
28.37	-0.581456	22.52208
28.38	-0.580956	5.413175
28.39	-0.580456	32.04113
28.400000000000002	-0.579956	11.86885
28.41	-0.579456	24.22909
28.42	-0.578956	19.97631
28.43	-0.578456	22.43746
28.44	-0.577956	24.72219
28.45	-0.577456	21.00261
28.46	-0.576956	16.93135
28.47	-0.576456	21.26316
28.48	-0.575956	30.14515
28.490000000000002	-0.575456	14.36325
28.5	-0.574956	25.12727
28.51	-0.574456	11.54447
28.52	-0.573956	29.80923
28.53	-0.573456	28.40907
28.54	-0.572956	26.97579
28.55	-0.572455	24.50249
28.560000000000002	-0.571955	26.41566
28.57	-0.571455	26.2894
28.580000000000002	-0.570955	25.47193
28.59	-0.570455	22.9587
28.6	-0.569955	31.34161
28.61	-0.569455	31.27409
28.62	-0.568955	19.28753
28.63	-0.568455	26.63339
28.64	-0.567955	21.48479
28.650000000000002	-0.567455	29.89986
28.66	-0.566955	10.65335
28.67	-0.566455	21.37968
28.68	-0.565955	25.67045
28.69	-0.565455	33.04994
28.7	-0.564955	20.53111
28.71	-0.564455	32.80378
28.72	-0.563955	22.12225
28.73	-0.563455	26.08506
28.740000000000002	-0.562955	21.48852
28.75	-0.562455	31.68261
28.76	-0.561955	17.47274
28.77	-0.561455	18.69847
28.78	-0.560955	21.18878
28.79	-0.560455	24.0185
28.8	-0.559955	12.56212
28.810000000000002	-0.559455	22.43244
28.82	-0.558955	28.95827
28.830000000000002	-0.558455	35.54093
28.84	-0.557955	22.10823
28.85	-0.557455	26.4948
28.86	-0.556955	28.01059
28.87	-0.556455	22.68759
28.88	-0.555955	29.51035
28.89	-0.555455	17.99524
28.900000000000002	-0.554955	17.5281
28.91	-0.554455	15.45713
28.92	-0.553955	29.75797
28.93	-0.553455	18.33658
28.94	-0.552955	21.68852
28.95	-0.552455	24.23125
28.96	-0.551955	22.71236
28.97	-0.551455	24.92743
28.98	-0.550955	19.29116
28.990000000000002	-0.550455	28.58228
29.0	-0.549955	22.44757
29.01	-0.549455	17.05597
29.02	-0.548955	29.88916
29.03	-0.548455	20.69824
29.04	-0.547955	32.37688
29.05	-0.547455	14.39142
29.060000000000002	-0.546955	31.41574
29.07	-0.546455	11.36887
29.080000000000002	-0.545955	24.59357
29.09	-0.545455	20.68563
29.1	-0.544955	29.69352
29.11	-0.544455	21.42614
29.12	-0.543955	33.83401
29.13	-0.543455	24.87368
29.14	-0.542955	10.20144
29.150000000000002	-0.542455	26.14365
29.16	-0.541955	20.3232
29.17	-0.541455	21.89355
29.18	-0.540955	24.09484
29.19	-0.540454	21.96321
29.2	-0.539955	22.66303
29.21	-0.539454	21.84876
29.22	-0.538954	24.46517
29.23	-0.538454	28.55319
29.240000000000002	-0.537954	33.1756
29.25	-0.537454	30.8769
29.26	-0.536954	27.18456
29.27	-0.536454	19.03751
29.28	-0.535954	41.46701
29.29	-0.535454	23.78859
29.3	-0.534954	34.79599
29.310000000000002	-0.534454	30.23917
29.32	-0.533954	35.29558
29.330000000000002	-0.533454	34.96319
29.34	-0.532954	25.61625
29.35	-0.532454	26.65622
29.36	-0.531954	29.07467
29.37	-0.531454	25.86476
29.38	-0.530954	22.95568
29.39	-0.530454	18.17823
29.400000000000002	-0.529954	29.34113
29.41	-0.529454	23.18872
29.42	-0.528954	23.5261
29.43	-0.528454	20.93671
29.44	-0.527954	35.06092
29.45	-0.527454	29.65147
29.46	-0.526954	21.61092
29.47	-0.526454	30.36288
29.48	-0.525954	23.6245
29.490000000000002	-0.525454	23.40398
29.5	-0.524954	16.4284
29.51	-0.524454	35.78209
29.52	-0.523954	25.55609
29.53	-0.523454	33.87614
29.54	-0.522954	24.26936
29.55	-0.522454	25.07411
29.560000000000002	-0.521954	25.08907
29.57	-0.521454	31.61378
29.580000000000002	-0.520954	14.02258
29.59	-0.520454	32.01137
29.6	-0.519954	24.07146
29.61	-0.519454	21.30875
29.62	-0.518954	28.51822
29.63	-0.518454	35.89157
29.64	-0.517954	12.20128
29.650000000000002	-0.517454	24.2215
29.66	-0.516954	31.37285
29.67	-0.516454	27.5935
29.68	-0.515954	28.7519
29.69	-0.515454	17.32362
29.7	-0.514954	12.85827
29.71	-0.514454	26.94236
29.72	-0.513954	25.58423
29.73	-0.513454	26.88041
29.740000000000002	-0.512954	20.05832
29.75	-0.512454	24.06308
29.76	-0.511954	23.72356
29.77	-0.511454	35.72837
29.78	-0.510954	26.36123
29.79	-0.510454	24.83434
29.8	-0.509954	23.22458
29.810000000000002	-0.509454	28.29808
29.82	-0.508954	19.05246
29.830000000000002	-0.508454	26.7451
29.84	-0.507953	20.40244
29.85	-0.507453	34.55424
29.86	-0.506953	29.01666
29.87	-0.506453	26.89398
29.88	-0.505953	29.72803
29.89	-0.505453	15.40243
29.900000000000002	-0.504953	24.88071
29.91	-0.504453	19.63204
29.92	-0.503953	30.42953
29.93	-0.503453	15.79735
29.94	-0.502953	28.80999
29.95	-0.502453	26.67109
29.96	-0.501953	23.97095
29.97	-0.501453	21.34712
29.98	-0.500953	33.75941
29.990000000000002	-0.500453	29.63677
30.0	-0.499953	33.96508
30.01	-0.499453	23.96697
30.02	-0.498953	15.3768
30.03	-0.498453	36.71687
30.04	-0.497953	17.63585
30.05	-0.497453	28.24857
30.060000000000002	-0.496953	20.76767
30.07	-0.496453	21.57481
30.080000000000002	-0.495953	29.32833
30.09	-0.495453	19.87652
30.1	-0.494953	28.1623
30.11	-0.494453	33.68926
30.12	-0.493953	22.30418
30.13	-0.493453	31.93018
30.14	-0.492953	19.20968
30.150000000000002	-0.492453	26.95183
30.16	-0.491953	30.90799
30.17	-0.491453	32.16443
30.18	-0.490953	34.95688
30.19	-0.490453	27.89201
30.2	-0.489953	24.62267
30.21	-0.489453	24.86255
30.22	-0.488953	29.79313
30.23	-0.488453	27.57638
30.240000000000002	-0.487953	26.66057
30.25	-0.487453	23.13427
30.26	-0.486953	18.68612
30.27	-0.486453	25.62339
30.28	-0.485953	23.6517
30.29	-0.485453	23.62163
30.3	-0.484953	19.10745
30.310000000000002	-0.484453	20.95399
30.32	-0.483953	22.68829
30.330000000000002	-0.483453	22.00115
30.34	-0.482953	27.53432
30.35	-0.482453	31.61066
30.36	-0.481953	36.25037
30.37	-0.481453	33.10224
30.38	-0.480953	23.09532
30.39	-0.480453	20.25371
30.400000000000002	-0.479953	18.95748
30.41	-0.479453	30.91071
30.42	-0.478953	33.3634
30.43	-0.478453	12.11977
30.44	-0.477953	36.62678
30.45	-0.477453	38.32988
30.46	-0.476953	27.51434
30.47	-0.476453	31.63268
30.48	-0.475952	29.18954
30.490000000000002	-0.475452	34.16138
30.5	-0.474952	29.90553
30.51	-0.474452	34.36596
30.52	-0.473952	22.50359
30.53	-0.473452	14.22103
30.54	-0.472952	30.53086
30.55	-0.472452	2.460332
30.560000000000002	-0.471952	27.92179
30.57	-0.471452	22.30401
30.580000000000002	-0.470952	19.98378
30.59	-0.470452	21.65639
30.6	-0.469952	14.73537
30.61	-0.469452	34.8475
30.62	-0.468952	17.55901
30.63	-0.468452	23.9127
30.64	-0.467952	15.10874
30.650000000000002	-0.467452	26.6019
30.66	-0.466952	24.00733
30.67	-0.466452	36.36945
30.68	-0.465952	23.97432
30.69	-0.465452	35.9367
30.7	-0.464952	21.16989
30.71	-0.464452	40.01581
30.72	-0.463952	40.64734
30.73	-0.463452	27.39304
30.740000000000002	-0.462952	27.02899
30.75	-0.462452	23.16597
30.76	-0.461952	10.11806
30.77	-0.461452	26.12562
30.78	-0.460952	31.49633
30.79	-0.460452	27.30212
30.8	-0.459952	20.51828
30.810000000000002	-0.459452	34.01146
30.82	-0.458952	27.19308
30.830000000000002	-0.458452	25.23965
30.84	-0.457952	28.63523
30.85	-0.457452	30.86506
30.86	-0.456952	20.69976
30.87	-0.456452	37.78354
30.88	-0.455952	21.26913
30.89	-0.455452	31.80751
30.900000000000002	-0.454952	23.4379
30.91	-0.454452	21.78751
30.92	-0.453952	33.17008
30.93	-0.453452	27.06131
30.94	-0.452952	24.99471
30.95	-0.452452	29.34742
30.96	-0.451952	18.84474
30.970000000000002	-0.451452	32.36592
30.98	-0.450952	30.56857
30.990000000000002	-0.450452	27.01456
31.0	-0.449952	32.48498
31.01	-0.449452	19.33636
31.02	-0.448952	20.62172
31.03	-0.448452	12.62346
31.04	-0.447952	33.40183
31.05	-0.447452	33.07224
31.060000000000002	-0.446952	26.42028
31.07	-0.446452	21.49479
31.080000000000002	-0.445952	32.56664
31.09	-0.445452	26.82067
31.1	-0.444952	23.22652
31.11	-0.444452	28.3989
31.12	-0.443952	21.16923
31.13	-0.443451	37.28236
31.14	-0.442951	26.70378
31.150000000000002	-0.442451	35.16415
31.16	-0.441951	22.98053
31.17	-0.441451	35.17077
31.18	-0.440951	25.96519
31.19	-0.440451	31.20931
31.2	-0.439951	34.59745
31.21	-0.439451	22.94922
31.220000000000002	-0.438951	27.65186
31.23	-0.438451	30.55405
31.240000000000002	-0.437951	25.61089
31.25	-0.437451	14.56547
31.26	-0.436951	22.69872
31.27	-0.436451	30.23375
31.28	-0.435951	22.50352
31.29	-0.435451	20.67255
31.3	-0.434951	25.03495
31.310000000000002	-0.434451	28.77728
31.32	-0.433951	24.12539
31.330000000000002	-0.433451	29.45647
31.34	-0.432951	35.16416
31.35	-0.432451	21.40946
31.36	-0.431951	17.21475
31.37	-0.431451	27.03195
31.38	-0.430951	19.88986
31.39	-0.430451	33.15508
31.400000000000002	-0.429951	28.17135
31.41	-0.429451	19.5001
31.42	-0.428951	20.91045
31.43	-0.428451	30.95562
31.44	-0.427951	32.06392
31.45	-0.427451	28.12399
31.46	-0.426951	25.48706
31.470000000000002	-0.426451	20.54468
31.48	-0.425951	24.64724
31.490000000000002	-0.425451	20.82971
31.5	-0.424951	28.02285
31.51	-0.424451	27.78755
31.52	-0.423951	29.77161
31.53	-0.423451	34.89969
31.54	-0.422951	29.90855
31.55	-0.422451	34.02938
31.560000000000002	-0.421951	24.84361
31.57	-0.421451	20.48045
31.580000000000002	-0.420951	21.74604
31.59	-0.420451	22.378
31.6	-0.419951	29.00907
31.61	-0.419451	25.4987
31.62	-0.418951	29.70638
31.63	-0.418451	31.12887
31.64	-0.417951	31.49215
31.650000000000002	-0.417451	27.66417
31.66	-0.416951	21.89704
31.67	-0.416451	28.25615
31.68	-0.415951	24.28664
31.69	-0.415451	25.99268
31.7	-0.414951	31.16578
31.71	-0.414451	31.71405
31.720000000000002	-0.413951	31.49153
31.73	-0.413451	25.06011
31.740000000000002	-0.412951	20.89905
31.75	-0.412451	26.07391
31.76	-0.411951	30.5126
31.77	-0.41145	35.11939
31.78	-0.41095	20.18059
31.79	-0.41045	26.27291
31.8	-0.40995	29.3357
31.810000000000002	-0.40945	37.85642
31.82	-0.40895	30.96144
31.830000000000002	-0.40845	25.49155
31.84	-0.40795	20.71441
31.85	-0.40745	37.85198
31.86	-0.40695	25.85586
31.87	-0.40645	24.20445
31.88	-0.40595	34.49004
31.89	-0.40545	27.69424
31.900000000000002	-0.40495	16.75486
31.91	-0.40445	24.84055
31.92	-0.40395	32.45036
31.93	-0.40345	24.32777
31.94	-0.40295	28.52042
31.95	-0.40245	30.44628
31.96	-0.40195	31.23475
31.970000000000002	-0.40145	24.126
31.98	-0.40095	23.01492
31.990000000000002	-0.40045	28.46013
