Time (s)	Voltage (V)	Current (uA)
0.01	-0.4005	44.75969
0.02	-0.401	44.72803
0.03	-0.4015	54.49955
0.04	-0.402	44.35417
0.05	-0.4025	41.02985
0.06	-0.403	43.68438
0.07	-0.4035	50.17
0.08	-0.404	49.30115
0.09	-0.4045	48.56074
0.1	-0.405	41.1495
0.11	-0.4055	40.13943
0.12	-0.406	51.64613
0.13	-0.4065	48.93016
0.14	-0.407	37.6619
0.15	-0.4075	40.51517
0.16	-0.408	35.00679
0.17	-0.4085	43.29441
0.18	-0.409	42.48236
0.19	-0.4095	46.82898
0.2	-0.41	45.17667
0.21	-0.4105	42.0474
0.22	-0.411	47.25972
0.23	-0.4115	47.54686
0.24	-0.412001	45.54449
0.25	-0.412501	42.70725
0.26	-0.413001	49.05432
0.27	-0.413501	47.69736
0.28	-0.414001	37.15182
0.29	-0.414501	45.62609
0.3	-0.415001	32.37874
0.31	-0.415501	47.32553
0.32	-0.416001	50.60577
0.33	-0.416501	51.89764
0.34	-0.417001	36.6993
0.35000000000000003	-0.417501	35.20951
0.36	-0.418001	40.49547
0.37	-0.418501	55.16247
0.38	-0.419001	50.42779
0.39	-0.419501	44.36961
0.4	-0.420001	34.09502
0.41000000000000003	-0.420501	51.94603
0.42	-0.421001	43.77389
0.43	-0.421501	37.75647
0.44	-0.422001	40.99361
0.45	-0.422501	53.48953
0.46	-0.423001	32.70448
0.47000000000000003	-0.423501	50.75126
0.48	-0.424001	39.14905
0.49	-0.424501	39.15316
0.5	-0.425001	41.5631
0.51	-0.425501	40.92093
0.52	-0.426001	35.01169
0.53	-0.426501	32.75047
0.54	-0.427001	39.99896
0.55	-0.427501	57.84228
0.56	-0.428001	52.28425
0.5700000000000001	-0.428501	41.816
0.58	-0.429001	51.55925
0.59	-0.429501	45.45973
0.6	-0.430001	44.32648
0.61	-0.430501	41.34438
0.62	-0.431001	46.15786
0.63	-0.431501	45.15277
0.64	-0.432001	46.68291
0.65	-0.432501	50.78762
0.66	-0.433001	49.70621
0.67	-0.433501	32.69687
0.68	-0.434001	43.17593
0.6900000000000001	-0.434501	44.28312
0.7000000000000001	-0.435001	40.3713
0.71	-0.435501	43.04502
0.72	-0.436001	31.60634
0.73	-0.436501	39.89192
0.74	-0.437001	47.3715
0.75	-0.437501	45.90747
0.76	-0.438001	49.46612
0.77	-0.438501	50.98685
0.78	-0.439001	37.10508
0.79	-0.439501	47.48999
0.8	-0.440001	55.28795
0.81	-0.440501	37.45634
0.8200000000000001	-0.441001	47.09185
0.8300000000000001	-0.441501	46.07381
0.84	-0.442001	44.2205
0.85	-0.442501	31.87552
0.86	-0.443001	42.69075
0.87	-0.443501	38.85391
0.88	-0.444002	32.26211
0.89	-0.444502	48.43866
0.9	-0.445002	46.29033
0.91	-0.445502	39.2326
0.92	-0.446002	38.63108
0.93	-0.446502	41.66827
0.9400000000000001	-0.447002	46.9967
0.9500000000000001	-0.447502	50.94856
0.96	-0.448002	34.47673
0.97	-0.448502	30.93956
0.98	-0.449002	44.46769
0.99	-0.449502	40.1521
1.0	-0.450002	43.85852
1.01	-0.450502	52.72431
1.02	-0.451002	43.65166
1.03	-0.451502	39.36689
1.04	-0.452002	45.32231
1.05	-0.452502	44.41882
1.06	-0.453002	37.44656
1.07	-0.453502	47.91676
1.08	-0.454002	39.24971
1.09	-0.454502	49.6354
1.1	-0.455002	38.04101
1.11	-0.455502	47.01426
1.12	-0.456002	44.12823
1.1300000000000001	-0.456502	43.03134
1.1400000000000001	-0.457002	54.76926
1.1500000000000001	-0.457502	43.19761
1.16	-0.458002	40.77875
1.17	-0.458502	38.08097
1.18	-0.459002	39.71946
1.19	-0.459502	35.74439
1.2	-0.460002	33.96867
1.21	-0.460502	48.25288
1.22	-0.461002	40.89879
1.23	-0.461502	42.41624
1.24	-0.462002	42.78823
1.25	-0.462502	47.72305
1.26	-0.463002	40.24548
1.27	-0.463502	41.7063
1.28	-0.464002	34.46427
1.29	-0.464502	39.34192
1.3	-0.465002	41.16057
1.31	-0.465502	42.14973
1.32	-0.466002	41.11
1.33	-0.466502	41.05577
1.34	-0.467002	40.89088
1.35	-0.467502	42.63741
1.36	-0.468002	48.03141
1.37	-0.468502	52.66421
1.3800000000000001	-0.469002	49.49475
1.3900000000000001	-0.469502	43.35279
1.4000000000000001	-0.470002	45.84506
1.41	-0.470502	45.90857
1.42	-0.471002	46.42285
1.43	-0.471502	42.54147
1.44	-0.472002	40.99841
1.45	-0.472502	44.11245
1.46	-0.473002	44.00417
1.47	-0.473502	40.42865
1.48	-0.474002	40.34703
1.49	-0.474502	45.28237
1.5	-0.475002	48.39845
1.51	-0.475502	41.51228
1.52	-0.476003	35.39895
1.53	-0.476503	47.10786
1.54	-0.477003	40.06369
1.55	-0.477503	51.00579
1.56	-0.478003	46.46761
1.57	-0.478503	38.0817
1.58	-0.479003	33.6198
1.59	-0.479503	38.02178
1.6	-0.480003	39.48066
1.61	-0.480503	37.33041
1.62	-0.481003	30.82284
1.6300000000000001	-0.481503	48.97372
1.6400000000000001	-0.482003	33.7112
1.6500000000000001	-0.482503	46.32541
1.6600000000000001	-0.483003	47.56488
1.67	-0.483503	45.76015
1.68	-0.484003	42.08754
1.69	-0.484503	30.4216
1.7	-0.485003	43.87541
1.71	-0.485503	40.33591
1.72	-0.486003	38.64561
1.73	-0.486503	41.27277
1.74	-0.487003	38.99315
1.75	-0.487503	46.6629
1.76	-0.488003	43.99221
1.77	-0.488503	46.69233
1.78	-0.489003	44.49948
1.79	-0.489503	46.84577
1.8	-0.490003	38.75899
1.81	-0.490503	44.5433
1.82	-0.491003	42.65997
1.83	-0.491503	46.04325
1.84	-0.492003	43.0104
1.85	-0.492503	38.80657
1.86	-0.493003	44.61994
1.87	-0.493503	40.21811
1.8800000000000001	-0.494003	45.13993
1.8900000000000001	-0.494503	43.9297
1.9000000000000001	-0.495003	37.64161
1.9100000000000001	-0.495503	31.09853
1.92	-0.496003	44.6643
1.93	-0.496503	44.33332
1.94	-0.497003	27.84273
1.95	-0.497503	43.57772
1.96	-0.498003	52.84581
1.97	-0.498503	50.59239
1.98	-0.499003	45.18206
1.99	-0.499503	37.90586
2.0	-0.500003	44.12568
2.0100000000000002	-0.500503	34.71296
2.02	-0.501003	42.66789
2.0300000000000002	-0.501503	49.80217
2.04	-0.502003	49.35263
2.05	-0.502503	40.91762
2.06	-0.503003	42.01489
2.07	-0.503503	44.94303
2.08	-0.504003	47.6693
2.09	-0.504503	45.83046
2.1	-0.505003	33.34351
2.11	-0.505503	43.63859
2.12	-0.506003	48.92276
2.13	-0.506503	44.56842
2.14	-0.507003	44.71087
2.15	-0.507503	47.4927
2.16	-0.508003	39.8485
2.17	-0.508504	39.2404
2.18	-0.509004	48.37836
2.19	-0.509504	44.17205
2.2	-0.510004	44.50684
2.21	-0.510504	38.96232
2.22	-0.511004	41.67045
2.23	-0.511504	48.71769
2.24	-0.512004	40.41892
2.25	-0.512504	38.68759
2.2600000000000002	-0.513004	50.29884
2.27	-0.513504	46.55318
2.2800000000000002	-0.514004	38.56696
2.29	-0.514504	42.35858
2.3000000000000003	-0.515004	41.36792
2.31	-0.515504	41.89435
2.32	-0.516004	38.43628
2.33	-0.516504	40.57813
2.34	-0.517004	46.72467
2.35	-0.517504	44.50253
2.36	-0.518004	25.72563
2.37	-0.518504	42.96785
2.38	-0.519004	34.49989
2.39	-0.519504	35.25669
2.4	-0.520004	41.05048
2.41	-0.520504	38.06652
2.42	-0.521004	45.46679
2.43	-0.521504	40.95301
2.44	-0.522004	47.48389
2.45	-0.522504	43.48357
2.46	-0.523004	39.09089
2.47	-0.523504	44.94162
2.48	-0.524004	42.0965
2.49	-0.524504	49.4469
2.5	-0.525004	37.46713
2.5100000000000002	-0.525504	44.6012
2.52	-0.526004	38.72284
2.5300000000000002	-0.526504	42.76723
2.54	-0.527004	43.42318
2.5500000000000003	-0.527504	50.76857
2.56	-0.528004	35.51832
2.57	-0.528504	47.14059
2.58	-0.529004	36.89994
2.59	-0.529504	45.3137
2.6	-0.530004	46.71746
2.61	-0.530504	38.54665
2.62	-0.531004	45.20709
2.63	-0.531504	39.63726
2.64	-0.532004	42.46537
2.65	-0.532504	45.68494
2.66	-0.533004	45.31888
2.67	-0.533504	46.87012
2.68	-0.534004	39.56892
2.69	-0.534504	41.24853
2.7	-0.535004	34.23107
2.71	-0.535504	31.93169
2.72	-0.536004	43.12408
2.73	-0.536504	42.19379
2.74	-0.537004	43.25016
2.75	-0.537504	42.40802
2.7600000000000002	-0.538004	28.76992
2.77	-0.538504	45.14062
2.7800000000000002	-0.539004	37.17905
2.79	-0.539504	44.35011
2.8000000000000003	-0.540004	43.03227
2.81	-0.540504	43.22028
2.82	-0.541005	43.3103
2.83	-0.541505	47.55143
2.84	-0.542005	33.2006
2.85	-0.542505	43.08421
2.86	-0.543005	52.6597
2.87	-0.543505	44.12875
2.88	-0.544005	42.18284
2.89	-0.544505	54.6515
2.9	-0.545005	44.26714
2.91	-0.545505	29.33313
2.92	-0.546005	44.97858
2.93	-0.546505	37.44106
2.94	-0.547005	35.1606
2.95	-0.547505	44.2718
2.96	-0.548005	42.12453
2.97	-0.548505	41.81235
2.98	-0.549005	44.00123
2.99	-0.549505	37.66951
3.0	-0.550005	43.76362
3.0100000000000002	-0.550505	41.98862
3.02	-0.551005	41.97521
3.0300000000000002	-0.551505	39.12243
3.04	-0.552005	41.05655
3.0500000000000003	-0.552505	38.22297
3.06	-0.553005	45.26813
3.0700000000000003	-0.553505	40.27641
3.08	-0.554005	40.59084
3.09	-0.554505	41.39521
3.1	-0.555005	44.78307
3.11	-0.555505	42.18486
3.12	-0.556005	32.1239
3.13	-0.556505	48.11646
3.14	-0.557005	42.96576
3.15	-0.557505	39.58141
3.16	-0.558005	41.2962
3.17	-0.558505	28.54128
3.18	-0.559005	39.74029
3.19	-0.559505	39.13205
3.2	-0.560005	39.8311
3.21	-0.560505	39.64412
3.22	-0.561005	41.10996
3.23	-0.561505	44.50737
3.24	-0.562005	38.66877
3.25	-0.562505	49.91629
3.2600000000000002	-0.563005	39.83634
3.27	-0.563505	38.19437
3.2800000000000002	-0.564005	47.08024
3.29	-0.564505	38.67112
3.3000000000000003	-0.565005	38.8999
3.31	-0.565505	24.87826
3.3200000000000003	-0.566005	46.48012
3.33	-0.566505	43.32755
3.34	-0.567005	38.48599
3.35	-0.567505	40.65964
3.36	-0.568005	43.40879
3.37	-0.568505	46.56527
3.38	-0.569005	39.28596
3.39	-0.569505	42.18469
3.4	-0.570005	38.05612
3.41	-0.570505	46.74156
3.42	-0.571005	42.65009
3.43	-0.571505	40.07966
3.44	-0.572005	40.62961
3.45	-0.572506	41.81981
3.46	-0.573006	43.46058
3.47	-0.573506	37.54021
3.48	-0.574006	39.23286
3.49	-0.574506	41.17564
3.5	-0.575006	31.32107
3.5100000000000002	-0.575506	39.43434
3.52	-0.576006	38.77249
3.5300000000000002	-0.576506	46.43468
3.54	-0.577006	48.32219
3.5500000000000003	-0.577506	35.79577
3.56	-0.578006	34.37128
3.5700000000000003	-0.578506	46.15438
3.58	-0.579006	42.57053
3.59	-0.579506	40.96025
3.6	-0.580006	42.20248
3.61	-0.580506	43.04132
3.62	-0.581006	41.25693
3.63	-0.581506	35.48385
3.64	-0.582006	43.49595
3.65	-0.582506	25.44993
3.66	-0.583006	39.72553
3.67	-0.583506	38.69105
3.68	-0.584006	36.16642
3.69	-0.584506	45.14927
3.7	-0.585006	45.20791
3.71	-0.585506	36.22711
3.72	-0.586006	41.40956
3.73	-0.586506	47.59966
3.74	-0.587006	44.2707
3.75	-0.587506	44.47372
3.7600000000000002	-0.588006	42.5411
3.77	-0.588506	41.39694
3.7800000000000002	-0.589006	41.07264
3.79	-0.589506	44.98162
3.8000000000000003	-0.590006	47.21604
3.81	-0.590506	38.29856
3.8200000000000003	-0.591006	49.1149
3.83	-0.591506	42.26534
3.84	-0.592006	32.05106
3.85	-0.592506	43.21242
3.86	-0.593006	32.82794
3.87	-0.593506	33.35714
3.88	-0.594006	41.97552
3.89	-0.594506	39.11306
3.9	-0.595006	42.02396
3.91	-0.595506	53.59493
3.92	-0.596006	42.3708
3.93	-0.596506	30.62087
3.94	-0.597006	52.3175
3.95	-0.597506	44.745
3.96	-0.598006	46.99643
3.97	-0.598506	31.13167
3.98	-0.599006	41.68976
3.99	-0.599506	37.84378
4.0	-0.600006	36.11172
4.01	-0.600506	39.68992
4.0200000000000005	-0.601006	47.03052
4.03	-0.601506	42.90203
4.04	-0.602006	52.66067
4.05	-0.602506	43.30658
4.0600000000000005	-0.603006	43.27596
4.07	-0.603506	38.38264
4.08	-0.604007	43.05661
4.09	-0.604506	43.15261
4.1	-0.605006	36.53186
4.11	-0.605507	22.33035
4.12	-0.606007	53.23427
4.13	-0.606507	41.42809
4.14	-0.607007	40.94965
4.15	-0.607507	36.10254
4.16	-0.608007	39.62039
4.17	-0.608507	40.01234
4.18	-0.609007	34.02514
4.19	-0.609507	43.52946
4.2	-0.610007	39.00862
4.21	-0.610507	40.18037
4.22	-0.611007	38.31065
4.23	-0.611507	41.3109
4.24	-0.612007	37.72573
4.25	-0.612507	46.31108
4.26	-0.613007	39.64804
4.2700000000000005	-0.613507	44.98156
4.28	-0.614007	36.90637
4.29	-0.614507	40.13903
4.3	-0.615007	37.6481
4.3100000000000005	-0.615507	40.98504
4.32	-0.616007	46.41477
4.33	-0.616507	43.45922
4.34	-0.617007	33.97702
4.3500000000000005	-0.617507	37.94537
4.36	-0.618007	39.7442
4.37	-0.618507	27.97503
4.38	-0.619007	46.25036
4.39	-0.619507	37.4576
4.4	-0.620007	40.48225
4.41	-0.620507	40.35861
4.42	-0.621007	42.17602
4.43	-0.621507	54.72957
4.44	-0.622007	35.2018
4.45	-0.622507	41.41858
4.46	-0.623007	43.39982
4.47	-0.623507	36.76865
4.48	-0.624007	41.09005
4.49	-0.624507	42.0593
4.5	-0.625007	38.91697
4.51	-0.625507	28.80735
4.5200000000000005	-0.626007	30.76872
4.53	-0.626507	37.9717
4.54	-0.627007	37.58039
4.55	-0.627507	38.13665
4.5600000000000005	-0.628007	36.00777
4.57	-0.628507	29.06752
4.58	-0.629007	40.83654
4.59	-0.629507	27.56518
4.6000000000000005	-0.630007	44.07872
4.61	-0.630507	34.7532
4.62	-0.631007	40.28743
4.63	-0.631507	34.72953
4.64	-0.632007	38.60488
4.65	-0.632507	39.13409
4.66	-0.633007	44.34938
4.67	-0.633507	18.4978
4.68	-0.634007	55.02519
4.69	-0.634507	32.0414
4.7	-0.635007	49.24545
4.71	-0.635507	45.20813
4.72	-0.636007	25.46778
4.73	-0.636507	35.92913
4.74	-0.637008	57.85328
4.75	-0.637508	35.33822
4.76	-0.638008	31.24189
4.7700000000000005	-0.638508	37.13512
4.78	-0.639008	39.15066
4.79	-0.639508	37.62177
4.8	-0.640008	48.4185
4.8100000000000005	-0.640508	40.97552
4.82	-0.641008	32.20402
4.83	-0.641508	32.71049
4.84	-0.642008	32.93824
4.8500000000000005	-0.642508	37.68617
4.86	-0.643008	35.8146
4.87	-0.643508	29.26167
4.88	-0.644008	38.95011
4.89	-0.644508	43.63427
4.9	-0.645008	40.44865
4.91	-0.645508	32.18897
4.92	-0.646008	38.68317
4.93	-0.646508	36.37804
4.94	-0.647008	29.74859
4.95	-0.647508	21.68406
4.96	-0.648008	44.44109
4.97	-0.648508	48.6876
4.98	-0.649008	46.71111
4.99	-0.649508	32.34587
5.0	-0.650008	37.25718
5.01	-0.650508	35.09617
5.0200000000000005	-0.651008	29.4528
5.03	-0.651508	40.14928
5.04	-0.652008	27.37049
5.05	-0.652508	27.43653
5.0600000000000005	-0.653008	43.97473
5.07	-0.653508	35.16417
5.08	-0.654008	26.85921
5.09	-0.654508	45.23665
5.1000000000000005	-0.655008	50.89841
5.11	-0.655508	43.56579
5.12	-0.656008	41.30017
5.13	-0.656508	51.82798
5.14	-0.657008	40.6151
5.15	-0.657508	39.56201
5.16	-0.658008	44.84795
5.17	-0.658508	37.24264
5.18	-0.659008	45.51891
5.19	-0.659508	44.61114
5.2	-0.660008	37.03841
5.21	-0.660508	36.19995
5.22	-0.661008	45.44272
5.23	-0.661508	38.56716
5.24	-0.662008	34.46402
5.25	-0.662508	46.16163
5.26	-0.663008	41.82418
5.2700000000000005	-0.663508	37.42512
5.28	-0.664008	22.01746
5.29	-0.664508	48.88096
5.3	-0.665008	40.6256
5.3100000000000005	-0.665508	38.23875
5.32	-0.666008	46.59562
5.33	-0.666508	34.95514
5.34	-0.667008	41.35334
5.3500000000000005	-0.667508	33.13608
5.36	-0.668008	42.81494
5.37	-0.668508	44.99191
5.38	-0.669008	34.98188
5.39	-0.669508	41.83867
5.4	-0.670009	38.29188
5.41	-0.670509	46.43346
5.42	-0.671009	29.35974
5.43	-0.671509	40.97725
5.44	-0.672009	41.10616
5.45	-0.672509	31.26204
5.46	-0.673009	38.04578
5.47	-0.673509	39.3387
5.48	-0.674009	37.89584
5.49	-0.674509	35.71078
5.5	-0.675009	34.44082
5.51	-0.675509	38.97007
5.5200000000000005	-0.676009	37.61721
5.53	-0.676509	40.85271
5.54	-0.677009	37.94765
5.55	-0.677509	35.71631
5.5600000000000005	-0.678009	43.15218
5.57	-0.678509	43.87268
5.58	-0.679009	48.54434
5.59	-0.679509	32.37264
5.6000000000000005	-0.680009	38.18841
5.61	-0.680509	37.1928
5.62	-0.681009	35.4635
5.63	-0.681509	35.59139
5.64	-0.682009	39.68369
5.65	-0.682509	43.46038
5.66	-0.683009	33.28614
5.67	-0.683509	41.89054
5.68	-0.684009	33.18737
5.69	-0.684509	34.18199
5.7	-0.685009	33.45403
5.71	-0.685509	37.01188
5.72	-0.686009	39.60138
5.73	-0.686509	37.70678
5.74	-0.687009	23.99079
5.75	-0.687509	42.07562
5.76	-0.688009	32.78696
5.7700000000000005	-0.688509	41.49306
5.78	-0.689009	30.43926
5.79	-0.689509	37.06384
5.8	-0.690009	33.37934
5.8100000000000005	-0.690509	42.73997
5.82	-0.691009	42.5638
5.83	-0.691509	32.30555
5.84	-0.692009	41.43466
5.8500000000000005	-0.692509	42.58949
5.86	-0.693009	39.17854
5.87	-0.693509	44.29888
5.88	-0.694009	34.90689
5.89	-0.694509	43.42007
5.9	-0.695009	42.19075
5.91	-0.695509	41.03994
5.92	-0.696009	44.01429
5.93	-0.696509	32.15078
5.94	-0.697009	22.97808
5.95	-0.697509	31.89703
5.96	-0.698009	30.42419
5.97	-0.698509	47.35871
5.98	-0.699009	24.21876
5.99	-0.699509	47.4181
6.0	-0.700009	29.38547
6.01	-0.700509	44.76641
6.0200000000000005	-0.701009	37.38783
6.03	-0.70151	37.25419
6.04	-0.70201	43.63042
6.05	-0.70251	28.0011
6.0600000000000005	-0.70301	43.25045
6.07	-0.70351	30.66749
6.08	-0.70401	36.48879
6.09	-0.70451	46.99754
6.1000000000000005	-0.70501	48.08047
6.11	-0.70551	30.22338
6.12	-0.70601	41.15858
6.13	-0.70651	53.99225
6.140000000000001	-0.70701	44.38969
6.15	-0.70751	30.00428
6.16	-0.70801	42.00535
6.17	-0.70851	32.54265
6.18	-0.70901	44.27845
6.19	-0.70951	36.11523
6.2	-0.71001	52.52575
6.21	-0.71051	35.6904
6.22	-0.71101	41.32808
6.23	-0.71151	29.91162
6.24	-0.71201	32.27665
6.25	-0.71251	36.51972
6.26	-0.71301	44.02791
6.2700000000000005	-0.71351	25.96799
6.28	-0.71401	42.58685
6.29	-0.71451	37.63186
6.3	-0.71501	46.85048
6.3100000000000005	-0.71551	38.83808
6.32	-0.71601	33.4482
6.33	-0.71651	37.7042
6.34	-0.71701	38.70675
6.3500000000000005	-0.71751	41.2495
6.36	-0.71801	31.48165
6.37	-0.71851	35.71849
6.38	-0.71901	36.1117
6.390000000000001	-0.71951	40.25242
6.4	-0.72001	32.69946
6.41	-0.72051	42.58184
6.42	-0.72101	25.31174
6.43	-0.72151	40.18916
6.44	-0.72201	43.81188
6.45	-0.72251	27.10356
6.46	-0.72301	38.07395
6.47	-0.72351	33.33347
6.48	-0.72401	30.82321
6.49	-0.72451	40.73929
6.5	-0.72501	32.4021
6.51	-0.72551	32.35032
6.5200000000000005	-0.72601	33.46818
6.53	-0.72651	31.40659
6.54	-0.72701	40.17149
6.55	-0.72751	46.36145
6.5600000000000005	-0.72801	39.66782
6.57	-0.72851	33.91154
6.58	-0.72901	38.79454
6.59	-0.72951	40.74776
6.6000000000000005	-0.73001	40.61233
6.61	-0.73051	38.52501
6.62	-0.73101	43.49187
6.63	-0.73151	46.64606
6.640000000000001	-0.73201	31.00416
6.65	-0.73251	39.14249
6.66	-0.73301	43.58992
6.67	-0.73351	36.33023
6.68	-0.73401	30.97807
6.69	-0.734511	37.35666
6.7	-0.735011	31.19728
6.71	-0.735511	37.31158
6.72	-0.736011	35.98646
6.73	-0.736511	32.02553
6.74	-0.737011	38.55101
6.75	-0.737511	39.96636
6.76	-0.738011	43.32116
6.7700000000000005	-0.738511	28.5834
6.78	-0.739011	37.49803
6.79	-0.739511	41.00618
6.8	-0.740011	33.23151
6.8100000000000005	-0.740511	35.6741
6.82	-0.741011	31.11521
6.83	-0.741511	35.84293
6.84	-0.742011	34.50692
6.8500000000000005	-0.742511	33.20407
6.86	-0.743011	40.77467
6.87	-0.743511	33.98801
6.88	-0.744011	32.65722
6.890000000000001	-0.744511	33.48378
6.9	-0.745011	34.9232
6.91	-0.745511	41.98421
6.92	-0.746011	35.77615
6.93	-0.746511	29.6651
6.94	-0.747011	44.57714
6.95	-0.747511	38.42699
6.96	-0.748011	38.97592
6.97	-0.748511	45.86662
6.98	-0.749011	38.69295
6.99	-0.749511	20.66782
7.0	-0.750011	52.07343
7.01	-0.750511	37.68572
7.0200000000000005	-0.751011	35.46054
7.03	-0.751511	47.22054
7.04	-0.752011	46.27287
7.05	-0.752511	40.6609
7.0600000000000005	-0.753011	38.25333
7.07	-0.753511	46.73958
7.08	-0.754011	45.33919
7.09	-0.754511	40.45131
7.1000000000000005	-0.755011	38.64907
7.11	-0.755511	27.6499
7.12	-0.756011	22.88671
7.13	-0.756511	37.82579
7.140000000000001	-0.757011	45.62547
7.15	-0.757511	41.37468
7.16	-0.758011	32.9853
7.17	-0.758511	25.54178
7.18	-0.759011	30.64959
7.19	-0.759511	29.90937
7.2	-0.760011	39.27404
7.21	-0.760511	36.18332
7.22	-0.761011	36.79992
7.23	-0.761511	39.26174
7.24	-0.762011	42.06161
7.25	-0.762511	31.42536
7.26	-0.763011	37.49261
7.2700000000000005	-0.763511	31.82915
7.28	-0.764011	37.18936
7.29	-0.764511	34.65491
7.3	-0.765011	39.48555
7.3100000000000005	-0.765511	37.30478
7.32	-0.766012	38.46112
7.33	-0.766512	32.01184
7.34	-0.767011	36.74366
7.3500000000000005	-0.767512	38.3248
7.36	-0.768012	36.74255
7.37	-0.768512	35.12587
7.38	-0.769012	38.78674
7.390000000000001	-0.769512	33.36293
7.4	-0.770012	30.21018
7.41	-0.770512	39.37463
7.42	-0.771012	25.85871
7.43	-0.771512	29.82362
7.44	-0.772012	40.83119
7.45	-0.772512	32.02686
7.46	-0.773012	19.36415
7.47	-0.773512	30.37098
7.48	-0.774012	35.44429
7.49	-0.774512	17.91487
7.5	-0.775012	43.2989
7.51	-0.775512	38.45807
7.5200000000000005	-0.776012	37.45271
7.53	-0.776512	34.01147
7.54	-0.777012	27.97379
7.55	-0.777512	29.56523
7.5600000000000005	-0.778012	33.04321
7.57	-0.778512	30.05653
7.58	-0.779012	25.04113
7.59	-0.779512	28.86927
7.6000000000000005	-0.780012	34.65578
7.61	-0.780512	34.4662
7.62	-0.781012	40.01836
7.63	-0.781512	33.82501
7.640000000000001	-0.782012	33.24048
7.65	-0.782512	28.13445
7.66	-0.783012	37.74984
7.67	-0.783512	42.21001
7.68	-0.784012	37.75523
7.69	-0.784512	35.04966
7.7	-0.785012	44.24085
7.71	-0.785512	30.81691
7.72	-0.786012	33.08945
7.73	-0.786512	30.28475
7.74	-0.787012	37.79438
7.75	-0.787512	44.30822
7.76	-0.788012	40.27861
7.7700000000000005	-0.788512	32.58639
7.78	-0.789012	32.07579
7.79	-0.789512	33.76383
7.8	-0.790012	37.78453
7.8100000000000005	-0.790512	38.32551
7.82	-0.791012	37.23947
7.83	-0.791512	35.78918
7.84	-0.792012	28.99001
7.8500000000000005	-0.792512	28.82813
7.86	-0.793012	48.94137
7.87	-0.793512	36.88691
7.88	-0.794012	35.08288
7.890000000000001	-0.794512	37.56662
7.9	-0.795012	44.86399
7.91	-0.795512	32.92572
7.92	-0.796012	34.04845
7.930000000000001	-0.796512	42.91701
7.94	-0.797012	40.58296
7.95	-0.797512	32.45175
7.96	-0.798012	38.99936
7.97	-0.798512	31.34987
7.98	-0.799013	41.93875
7.99	-0.799513	41.03819
8.0	-0.800013	35.63796
8.01	-0.800513	41.5506
8.02	-0.801013	33.22729
8.03	-0.801513	32.83952
8.040000000000001	-0.802013	33.95396
8.05	-0.802513	33.39859
8.06	-0.803013	34.32089
8.07	-0.803513	43.14639
8.08	-0.804013	46.743
8.09	-0.804513	32.34034
8.1	-0.805013	26.03029
8.11	-0.805513	34.43753
8.120000000000001	-0.806013	44.65259
8.13	-0.806513	45.94178
8.14	-0.807013	43.61428
8.15	-0.807513	27.10224
8.16	-0.808013	24.71092
8.17	-0.808513	38.90456
8.18	-0.809013	38.30317
8.19	-0.809513	32.04338
8.2	-0.810013	33.83884
8.21	-0.810513	43.6863
8.22	-0.811013	32.21965
8.23	-0.811513	27.13108
8.24	-0.812013	34.60137
8.25	-0.812513	41.79526
8.26	-0.813013	35.46073
8.27	-0.813513	26.24014
8.28	-0.814013	26.69311
8.290000000000001	-0.814513	32.65128
8.3	-0.815013	38.62476
8.31	-0.815513	31.93205
8.32	-0.816013	27.19235
8.33	-0.816513	31.64926
8.34	-0.817013	45.62927
8.35	-0.817513	48.34538
8.36	-0.818013	37.5891
8.370000000000001	-0.818513	35.42321
8.38	-0.819013	33.42102
8.39	-0.819513	32.52986
8.4	-0.820013	44.73343
8.41	-0.820513	36.5205
8.42	-0.821013	37.0611
8.43	-0.821513	44.39108
8.44	-0.822013	26.70453
8.45	-0.822513	28.79849
8.46	-0.823013	39.40635
8.47	-0.823513	24.69242
8.48	-0.824013	35.97516
8.49	-0.824513	28.86689
8.5	-0.825013	39.61259
8.51	-0.825513	32.70102
8.52	-0.826013	41.03062
8.53	-0.826513	36.5211
8.540000000000001	-0.827013	35.13359
8.55	-0.827513	35.41692
8.56	-0.828013	40.94403
8.57	-0.828513	33.07499
8.58	-0.829013	39.51041
8.59	-0.829513	32.22551
8.6	-0.830013	29.97781
8.61	-0.830514	44.35733
8.620000000000001	-0.831014	41.32764
8.63	-0.831513	36.79893
8.64	-0.832014	30.53016
8.65	-0.832514	42.31361
8.66	-0.833014	31.28269
8.67	-0.833514	44.72784
8.68	-0.834014	33.12353
8.69	-0.834514	36.40045
8.700000000000001	-0.835014	32.68651
8.71	-0.835514	30.14969
8.72	-0.836014	33.00542
8.73	-0.836514	28.44641
8.74	-0.837014	43.86866
8.75	-0.837514	33.84336
8.76	-0.838014	35.174
8.77	-0.838514	46.69502
8.78	-0.839014	36.25563
8.790000000000001	-0.839514	36.83435
8.8	-0.840014	32.293
8.81	-0.840514	33.09552
8.82	-0.841014	25.83714
8.83	-0.841514	38.82382
8.84	-0.842014	35.12347
8.85	-0.842514	40.4781
8.86	-0.843014	34.87455
8.870000000000001	-0.843514	43.57332
8.88	-0.844014	33.95256
8.89	-0.844514	36.07364
8.9	-0.845014	37.28442
8.91	-0.845514	38.259
8.92	-0.846014	35.06779
8.93	-0.846514	38.44078
8.94	-0.847014	36.8791
8.950000000000001	-0.847514	36.4957
8.96	-0.848014	39.17206
8.97	-0.848514	37.84243
8.98	-0.849014	33.1078
8.99	-0.849514	31.90485
9.0	-0.850014	37.76063
9.01	-0.850514	33.13575
9.02	-0.851014	40.47005
9.03	-0.851514	26.91426
9.040000000000001	-0.852014	32.0546
9.05	-0.852514	24.43517
9.06	-0.853014	36.96417
9.07	-0.853514	34.21992
9.08	-0.854014	35.15148
9.09	-0.854514	38.4913
9.1	-0.855014	30.31368
9.11	-0.855514	36.41426
9.120000000000001	-0.856014	24.81454
9.13	-0.856514	37.40351
9.14	-0.857014	31.41093
9.15	-0.857514	42.93959
9.16	-0.858014	28.70722
9.17	-0.858514	35.62012
9.18	-0.859014	30.61477
9.19	-0.859514	42.99773
9.200000000000001	-0.860014	28.55605
9.21	-0.860514	22.90329
9.22	-0.861014	34.94048
9.23	-0.861514	26.8577
9.24	-0.862014	40.4778
9.25	-0.862514	37.03194
9.26	-0.863014	39.47131
9.27	-0.863515	30.63259
9.28	-0.864015	32.2102
9.290000000000001	-0.864515	32.98918
9.3	-0.865015	31.69364
9.31	-0.865515	37.37842
9.32	-0.866015	35.789
9.33	-0.866515	33.25089
9.34	-0.867015	31.34369
9.35	-0.867515	45.49677
9.36	-0.868015	32.02765
9.370000000000001	-0.868515	38.8191
9.38	-0.869015	38.87448
9.39	-0.869515	30.85767
9.4	-0.870015	31.90401
9.41	-0.870515	45.78064
9.42	-0.871015	24.49899
9.43	-0.871515	38.69614
9.44	-0.872015	29.51448
9.450000000000001	-0.872515	31.31033
9.46	-0.873015	34.92393
9.47	-0.873515	26.02569
9.48	-0.874015	31.18248
9.49	-0.874515	37.26324
9.5	-0.875015	31.46005
9.51	-0.875515	28.3376
9.52	-0.876015	43.39182
9.53	-0.876515	33.72051
9.540000000000001	-0.877015	34.03534
9.55	-0.877515	36.37155
9.56	-0.878015	33.17403
9.57	-0.878515	36.4449
9.58	-0.879015	46.31113
9.59	-0.879515	29.15885
9.6	-0.880015	28.59603
9.61	-0.880515	45.40817
9.620000000000001	-0.881015	35.66742
9.63	-0.881515	28.22896
9.64	-0.882015	39.64003
9.65	-0.882515	34.89086
9.66	-0.883015	19.30387
9.67	-0.883515	24.83004
9.68	-0.884015	31.4377
9.69	-0.884515	35.12111
9.700000000000001	-0.885015	35.89098
9.71	-0.885515	25.29157
9.72	-0.886015	37.69025
9.73	-0.886515	33.63485
9.74	-0.887015	32.92646
9.75	-0.887515	34.15816
9.76	-0.888015	35.30614
9.77	-0.888515	32.68454
9.78	-0.889015	37.06555
9.790000000000001	-0.889515	28.74267
9.8	-0.890015	36.00807
9.81	-0.890515	41.27999
9.82	-0.891015	42.95705
9.83	-0.891515	37.26091
9.84	-0.892015	38.08995
9.85	-0.892515	31.10708
9.86	-0.893015	38.5298
9.870000000000001	-0.893515	46.07735
9.88	-0.894015	29.97733
9.89	-0.894515	31.10372
9.9	-0.895016	45.17186
9.91	-0.895515	48.15963
9.92	-0.896015	37.68202
9.93	-0.896516	40.74088
9.94	-0.897016	24.38304
9.950000000000001	-0.897516	35.95856
9.96	-0.898016	46.81281
9.97	-0.898516	30.38803
9.98	-0.899016	40.82054
9.99	-0.899516	35.33216
10.0	-0.900016	30.80159
10.01	-0.900516	32.3
10.02	-0.901016	47.43373
10.03	-0.901516	33.67251
10.040000000000001	-0.902016	40.53441
10.05	-0.902516	34.45329
10.06	-0.903016	32.67839
10.07	-0.903516	37.60264
10.08	-0.904016	31.70881
10.09	-0.904516	29.19826
10.1	-0.905016	39.2778
10.11	-0.905516	48.28172
10.120000000000001	-0.906016	26.48396
10.13	-0.906516	38.26828
10.14	-0.907016	29.65475
10.15	-0.907516	47.69918
10.16	-0.908016	43.92964
10.17	-0.908516	23.93675
10.18	-0.909016	38.34427
10.19	-0.909516	38.48198
10.200000000000001	-0.910016	25.19569
10.21	-0.910516	49.29446
10.22	-0.911016	38.63339
10.23	-0.911516	35.09984
10.24	-0.912016	35.69086
10.25	-0.912516	41.67999
10.26	-0.913016	27.02231
10.27	-0.913516	31.88365
10.28	-0.914016	34.07938
10.290000000000001	-0.914516	32.5167
10.3	-0.915016	39.36369
10.31	-0.915516	42.02208
10.32	-0.916016	21.65133
10.33	-0.916516	33.79592
10.34	-0.917016	28.15271
10.35	-0.917516	29.70364
10.36	-0.918016	38.31956
10.370000000000001	-0.918516	36.12929
10.38	-0.919016	30.77596
10.39	-0.919516	41.88469
10.4	-0.920016	35.04093
10.41	-0.920516	33.49262
10.42	-0.921016	33.86868
10.43	-0.921516	36.83745
10.44	-0.922016	30.13003
10.450000000000001	-0.922516	33.60304
10.46	-0.923016	29.21276
10.47	-0.923516	29.85266
10.48	-0.924016	33.50351
10.49	-0.924516	33.91618
10.5	-0.925016	34.37674
10.51	-0.925516	29.68104
10.52	-0.926016	46.94168
10.53	-0.926516	30.71468
10.540000000000001	-0.927016	35.23303
10.55	-0.927516	37.83866
10.56	-0.928017	32.53152
10.57	-0.928517	31.88691
10.58	-0.929017	35.57705
10.59	-0.929517	43.95479
10.6	-0.930017	38.63139
10.61	-0.930517	29.35131
10.620000000000001	-0.931017	32.60888
10.63	-0.931517	29.81944
10.64	-0.932017	37.57719
10.65	-0.932517	36.27179
10.66	-0.933017	37.61654
10.67	-0.933517	43.23209
10.68	-0.934017	39.1437
10.69	-0.934517	30.03447
10.700000000000001	-0.935017	35.60782
10.71	-0.935517	37.23068
10.72	-0.936017	56.27055
10.73	-0.936517	43.16552
10.74	-0.937017	38.56441
10.75	-0.937517	37.9417
10.76	-0.938017	37.99047
10.77	-0.938517	37.38602
10.78	-0.939017	31.558
10.790000000000001	-0.939517	28.24743
10.8	-0.940017	28.35751
10.81	-0.940517	18.3087
10.82	-0.941017	16.50152
10.83	-0.941517	26.84682
10.84	-0.942017	27.11228
10.85	-0.942517	29.33515
10.86	-0.943017	25.55632
10.870000000000001	-0.943517	24.45021
10.88	-0.944017	32.20494
10.89	-0.944517	28.61473
10.9	-0.945017	27.3219
10.91	-0.945517	25.72113
10.92	-0.946017	25.57156
10.93	-0.946517	21.73558
10.94	-0.947017	24.45482
10.950000000000001	-0.947517	37.32757
10.96	-0.948017	24.71748
10.97	-0.948517	32.52518
10.98	-0.949017	33.90591
10.99	-0.949517	33.7577
11.0	-0.950017	36.7421
11.01	-0.950517	31.1257
11.02	-0.951017	31.06281
11.03	-0.951517	23.51588
11.040000000000001	-0.952017	12.86426
11.05	-0.952517	27.78861
11.06	-0.953017	34.30954
11.07	-0.953517	44.13552
11.08	-0.954017	31.84324
11.09	-0.954517	28.83988
11.1	-0.955017	37.20958
11.11	-0.955517	29.59699
11.120000000000001	-0.956017	32.93318
11.13	-0.956517	28.10228
11.14	-0.957017	33.29947
11.15	-0.957517	28.33766
11.16	-0.958017	28.23586
11.17	-0.958517	40.65635
11.18	-0.959017	37.67457
11.19	-0.959518	32.31167
11.200000000000001	-0.960017	27.99236
11.21	-0.960517	31.79172
11.22	-0.961018	31.49059
11.23	-0.961518	32.85507
11.24	-0.962018	26.71026
11.25	-0.962518	33.59512
11.26	-0.963018	28.32718
11.27	-0.963518	27.98993
11.28	-0.964018	30.83013
11.290000000000001	-0.964518	32.11868
11.3	-0.965018	35.63817
11.31	-0.965518	30.57063
11.32	-0.966018	33.67884
11.33	-0.966518	32.89987
11.34	-0.967018	34.5246
11.35	-0.967518	28.73824
11.36	-0.968018	36.96136
11.370000000000001	-0.968518	47.0743
11.38	-0.969018	38.5673
11.39	-0.969518	30.50721
11.4	-0.970018	26.53633
11.41	-0.970518	21.58611
11.42	-0.971018	39.13825
11.43	-0.971518	35.76259
11.44	-0.972018	20.13255
11.450000000000001	-0.972518	42.5497
11.46	-0.973018	18.99669
11.47	-0.973518	33.16331
11.48	-0.974018	33.28147
11.49	-0.974518	32.64791
11.5	-0.975018	30.22297
11.51	-0.975518	23.60011
11.52	-0.976018	38.22683
11.53	-0.976518	21.09917
11.540000000000001	-0.977018	38.94145
11.55	-0.977518	28.93949
11.56	-0.978018	38.0015
11.57	-0.978518	31.8877
11.58	-0.979018	25.39821
11.59	-0.979518	44.11816
11.6	-0.980018	44.8911
11.61	-0.980518	38.69616
11.620000000000001	-0.981018	32.71262
11.63	-0.981518	27.71202
11.64	-0.982018	31.49972
11.65	-0.982518	31.1076
11.66	-0.983018	23.97374
11.67	-0.983518	29.29961
11.68	-0.984018	23.14769
11.69	-0.984518	27.07904
11.700000000000001	-0.985018	34.97721
11.71	-0.985518	31.999
11.72	-0.986018	39.10891
11.73	-0.986518	30.99621
11.74	-0.987018	34.02917
11.75	-0.987518	29.48978
11.76	-0.988018	26.05375
11.77	-0.988518	39.23598
11.78	-0.989018	32.95969
11.790000000000001	-0.989518	25.55712
11.8	-0.990018	32.56792
11.81	-0.990518	32.10421
11.82	-0.991018	30.69516
11.83	-0.991518	28.38887
11.84	-0.992018	29.03939
11.85	-0.992519	36.52371
11.86	-0.993019	49.69279
11.870000000000001	-0.993519	38.20017
11.88	-0.994019	38.91545
11.89	-0.994519	32.49059
11.9	-0.995019	31.16252
11.91	-0.995519	22.65022
11.92	-0.996019	32.79034
11.93	-0.996519	38.3032
11.94	-0.997019	36.44026
11.950000000000001	-0.997519	30.45348
11.96	-0.998019	32.03765
11.97	-0.998519	27.16816
11.98	-0.999019	28.64591
11.99	-0.999519	34.05499
12.0	-1.000019	20.0732
12.01	-1.000519	38.45621
12.02	-1.001019	32.85867
12.030000000000001	-1.001519	32.58462
12.040000000000001	-1.002019	40.2482
12.05	-1.002519	31.72961
12.06	-1.003019	29.58862
12.07	-1.003519	32.28186
12.08	-1.004019	26.52999
12.09	-1.004519	23.28293
12.1	-1.005019	32.37974
12.11	-1.005519	26.31433
12.120000000000001	-1.006019	38.72316
12.13	-1.006519	32.80081
12.14	-1.007019	22.13232
12.15	-1.007519	42.17532
12.16	-1.008019	33.02155
12.17	-1.008519	29.42082
12.18	-1.009019	32.30955
12.19	-1.009519	24.18497
12.200000000000001	-1.010019	42.20386
12.21	-1.010519	28.30114
12.22	-1.011019	27.42111
12.23	-1.011519	29.80019
12.24	-1.012019	34.48232
12.25	-1.012519	23.52554
12.26	-1.013019	28.36888
12.27	-1.013519	30.87979
12.280000000000001	-1.014019	28.71303
12.290000000000001	-1.014519	39.62983
12.3	-1.015019	29.19542
12.31	-1.015519	32.1768
12.32	-1.016019	20.925
12.33	-1.016519	28.80588
12.34	-1.017019	26.09982
12.35	-1.017519	26.27293
12.36	-1.018019	22.67661
12.370000000000001	-1.018519	30.73292
12.38	-1.019019	22.87094
12.39	-1.019519	25.88534
12.4	-1.020019	31.96436
12.41	-1.020519	37.22819
12.42	-1.021019	29.48968
12.43	-1.021519	32.22845
12.44	-1.022019	38.82185
12.450000000000001	-1.022519	27.53962
12.46	-1.023019	33.16187
12.47	-1.023519	27.67208
12.48	-1.024019	30.8252
12.49	-1.024519	29.32895
12.5	-1.02502	37.03943
12.51	-1.025519	35.23639
12.52	-1.026019	30.24009
12.530000000000001	-1.02652	30.22578
12.540000000000001	-1.02702	24.49287
12.55	-1.02752	33.64767
12.56	-1.02802	27.08179
12.57	-1.02852	30.67892
12.58	-1.02902	31.54266
12.59	-1.02952	25.1694
12.6	-1.03002	31.69272
12.61	-1.03052	19.06981
12.620000000000001	-1.03102	30.39229
12.63	-1.03152	29.30639
12.64	-1.03202	37.04095
12.65	-1.03252	32.39601
12.66	-1.03302	36.60107
12.67	-1.03352	34.33651
12.68	-1.03402	22.64229
12.69	-1.03452	29.1018
12.700000000000001	-1.03502	36.55186
12.71	-1.03552	25.82722
12.72	-1.03602	16.64317
12.73	-1.03652	26.97785
12.74	-1.03702	33.27921
12.75	-1.03752	33.05025
12.76	-1.03802	14.44411
12.77	-1.03852	29.3272
12.780000000000001	-1.03902	25.84682
12.790000000000001	-1.03952	31.1492
12.8	-1.04002	42.84126
12.81	-1.04052	27.6946
12.82	-1.04102	32.68688
12.83	-1.04152	29.70176
12.84	-1.04202	19.56824
12.85	-1.04252	29.71816
12.86	-1.04302	26.5267
12.870000000000001	-1.04352	33.65628
12.88	-1.04402	32.67262
12.89	-1.04452	26.10499
12.9	-1.04502	34.90409
12.91	-1.04552	30.29837
12.92	-1.04602	18.97441
12.93	-1.04652	33.34892
12.94	-1.04702	27.30549
12.950000000000001	-1.04752	33.38063
12.96	-1.04802	31.16395
12.97	-1.04852	23.9651
12.98	-1.04902	30.5069
12.99	-1.04952	20.68767
13.0	-1.05002	26.78007
13.01	-1.05052	27.87941
13.02	-1.05102	25.63528
13.030000000000001	-1.05152	31.83993
13.040000000000001	-1.05202	31.38024
13.05	-1.05252	15.54049
13.06	-1.05302	36.4113
13.07	-1.05352	25.76994
13.08	-1.05402	34.57508
13.09	-1.05452	26.98505
13.1	-1.05502	41.08386
13.11	-1.05552	33.27907
13.120000000000001	-1.056021	23.3457
13.13	-1.05652	29.33949
13.14	-1.05702	26.17986
13.15	-1.057521	29.96739
13.16	-1.05802	32.20216
13.17	-1.058521	34.40252
13.18	-1.059021	31.97082
13.19	-1.059521	28.91694
13.200000000000001	-1.060021	28.12278
13.21	-1.060521	39.65767
13.22	-1.061021	32.41182
13.23	-1.061521	24.95056
13.24	-1.062021	38.1361
13.25	-1.062521	26.92114
13.26	-1.063021	30.77422
13.27	-1.063521	28.36625
13.280000000000001	-1.064021	37.27777
13.290000000000001	-1.064521	28.1893
13.3	-1.065021	31.34381
13.31	-1.065521	22.65561
13.32	-1.066021	21.23701
13.33	-1.066521	25.24402
13.34	-1.067021	21.98839
13.35	-1.067521	19.33045
13.36	-1.068021	28.93098
13.370000000000001	-1.068521	34.12281
13.38	-1.069021	34.69246
13.39	-1.069521	22.49606
13.4	-1.070021	31.40803
13.41	-1.070521	32.32818
13.42	-1.071021	26.62346
13.43	-1.071521	30.94845
13.44	-1.072021	43.51728
13.450000000000001	-1.072521	30.38291
13.46	-1.073021	31.98082
13.47	-1.073521	30.94098
13.48	-1.074021	20.93757
13.49	-1.074521	28.58746
13.5	-1.075021	38.82141
13.51	-1.075521	30.13235
13.52	-1.076021	28.47856
13.530000000000001	-1.076521	28.90811
13.540000000000001	-1.077021	33.64032
13.55	-1.077521	26.71107
13.56	-1.078021	31.21863
13.57	-1.078521	30.729
13.58	-1.079021	27.04494
13.59	-1.079521	29.21285
13.6	-1.080021	31.92223
13.61	-1.080521	27.09772
13.620000000000001	-1.081021	26.41889
13.63	-1.081521	28.76261
13.64	-1.082021	25.19698
13.65	-1.082521	24.79069
13.66	-1.083021	25.34002
13.67	-1.083521	28.19164
13.68	-1.084021	32.02982
13.69	-1.084521	29.6502
13.700000000000001	-1.085021	23.27386
13.71	-1.085521	34.97692
13.72	-1.086021	31.39358
13.73	-1.086521	30.19613
13.74	-1.087021	27.73216
13.75	-1.087521	28.71726
13.76	-1.088021	16.29862
13.77	-1.088521	34.60888
13.780000000000001	-1.089021	26.4766
13.790000000000001	-1.089522	29.33339
13.8	-1.090021	33.56497
13.81	-1.090521	49.89145
13.82	-1.091022	28.64803
13.83	-1.091522	23.05279
13.84	-1.092022	31.11973
13.85	-1.092522	31.43245
13.86	-1.093022	23.85382
13.870000000000001	-1.093522	31.09686
13.88	-1.094022	27.78584
13.89	-1.094522	35.14548
13.9	-1.095022	35.43029
13.91	-1.095522	21.71523
13.92	-1.096022	30.40018
13.93	-1.096522	28.54107
13.94	-1.097022	33.27303
13.950000000000001	-1.097522	21.05962
13.96	-1.098022	21.41652
13.97	-1.098522	26.43141
13.98	-1.099022	15.85651
13.99	-1.099522	28.32442
14.0	-1.100022	33.16934
14.01	-1.100522	40.19481
14.02	-1.101022	21.07324
14.030000000000001	-1.101522	25.74769
14.040000000000001	-1.102022	27.80843
14.05	-1.102522	33.7323
14.06	-1.103022	37.58892
14.07	-1.103522	33.96785
14.08	-1.104022	26.6111
14.09	-1.104522	30.88453
14.1	-1.105022	27.23513
14.11	-1.105522	30.04879
14.120000000000001	-1.106022	31.70807
14.13	-1.106522	32.04704
14.14	-1.107022	42.47065
14.15	-1.107522	31.94774
14.16	-1.108022	9.035357
14.17	-1.108522	33.16331
14.18	-1.109022	24.51053
14.19	-1.109522	21.66728
14.200000000000001	-1.110022	24.79876
14.21	-1.110522	25.02254
14.22	-1.111022	28.73958
14.23	-1.111522	23.85149
14.24	-1.112022	26.72478
14.25	-1.112522	26.80283
14.26	-1.113022	30.29631
14.27	-1.113522	28.34518
14.280000000000001	-1.114022	28.91061
14.290000000000001	-1.114522	31.72047
14.3	-1.115022	37.20571
14.31	-1.115522	32.09764
14.32	-1.116022	37.74578
14.33	-1.116522	28.38845
14.34	-1.117022	24.04307
14.35	-1.117522	22.66412
14.36	-1.118022	36.43342
14.370000000000001	-1.118522	42.6519
14.38	-1.119022	18.86162
14.39	-1.119522	21.09018
14.4	-1.120022	19.98009
14.41	-1.120522	19.94389
14.42	-1.121022	22.21308
14.43	-1.121522	18.6455
14.44	-1.122023	22.19103
14.450000000000001	-1.122522	20.60005
14.46	-1.123023	19.29446
14.47	-1.123523	20.41705
14.48	-1.124023	11.75633
14.49	-1.124523	39.75582
14.5	-1.125023	42.67387
14.51	-1.125523	30.92007
14.52	-1.126023	28.73915
14.530000000000001	-1.126523	30.14337
14.540000000000001	-1.127023	28.70097
14.55	-1.127523	28.13466
14.56	-1.128023	19.42399
14.57	-1.128523	26.59587
14.58	-1.129023	26.38392
14.59	-1.129523	29.04954
14.6	-1.130023	45.95044
14.61	-1.130523	28.27993
14.620000000000001	-1.131023	22.18675
14.63	-1.131523	16.13423
14.64	-1.132023	32.83279
14.65	-1.132523	36.50108
14.66	-1.133023	27.28928
14.67	-1.133523	26.78983
14.68	-1.134023	24.02732
14.69	-1.134523	24.21232
14.700000000000001	-1.135023	21.27188
14.71	-1.135523	38.58745
14.72	-1.136023	21.85708
14.73	-1.136523	36.90019
14.74	-1.137023	40.04969
14.75	-1.137523	28.47845
14.76	-1.138023	27.8364
14.77	-1.138523	33.10552
14.780000000000001	-1.139023	29.38346
14.790000000000001	-1.139523	25.68413
14.8	-1.140023	25.16132
14.81	-1.140523	17.56332
14.82	-1.141023	28.71095
14.83	-1.141523	34.81609
14.84	-1.142023	30.28891
14.85	-1.142523	23.95734
14.86	-1.143023	26.24697
14.870000000000001	-1.143523	19.665
14.88	-1.144023	27.98896
14.89	-1.144523	35.53757
14.9	-1.145023	28.80259
14.91	-1.145523	27.66512
14.92	-1.146023	22.44966
14.93	-1.146523	30.04297
14.94	-1.147023	34.46958
14.950000000000001	-1.147523	37.00616
14.96	-1.148023	24.65397
14.97	-1.148523	29.80627
14.98	-1.149023	17.00165
14.99	-1.149523	22.01587
15.0	-1.150023	15.80289
15.01	-1.150523	37.45137
15.02	-1.151023	43.41222
15.030000000000001	-1.151523	34.14766
15.040000000000001	-1.152023	25.47767
15.05	-1.152523	23.53765
15.06	-1.153023	39.36386
15.07	-1.153523	31.74312
15.08	-1.154024	23.44209
15.09	-1.154523	20.10962
15.1	-1.155023	39.75785
15.11	-1.155524	26.04985
15.120000000000001	-1.156024	28.80529
15.13	-1.156524	24.87963
15.14	-1.157024	28.51518
15.15	-1.157524	21.68717
15.16	-1.158024	18.90809
15.17	-1.158524	18.9163
15.18	-1.159024	25.07463
15.19	-1.159524	46.3742
15.200000000000001	-1.160024	30.92406
15.21	-1.160524	38.53956
15.22	-1.161024	40.92373
15.23	-1.161524	16.47437
15.24	-1.162024	36.59685
15.25	-1.162524	27.13358
15.26	-1.163024	45.10728
15.27	-1.163524	39.042
15.280000000000001	-1.164024	24.87352
15.290000000000001	-1.164524	28.06374
15.3	-1.165024	23.14918
15.31	-1.165524	13.0767
15.32	-1.166024	30.91488
15.33	-1.166524	27.87862
15.34	-1.167024	21.31248
15.35	-1.167524	7.887092
15.36	-1.168024	33.1728
15.370000000000001	-1.168524	32.23082
15.38	-1.169024	25.67089
15.39	-1.169524	29.60693
15.4	-1.170024	23.23314
15.41	-1.170524	50.1594
15.42	-1.171024	36.77077
15.43	-1.171524	31.64901
15.44	-1.172024	26.88698
15.450000000000001	-1.172524	22.8268
15.46	-1.173024	32.42524
15.47	-1.173524	39.53656
15.48	-1.174024	38.04599
15.49	-1.174524	27.20484
15.5	-1.175024	21.88541
15.51	-1.175524	21.96322
15.52	-1.176024	26.4254
15.530000000000001	-1.176524	21.89768
15.540000000000001	-1.177024	28.18561
15.55	-1.177524	45.05146
15.56	-1.178024	25.01063
15.57	-1.178524	18.80633
15.58	-1.179024	19.60964
15.59	-1.179524	24.90416
15.6	-1.180024	18.4213
15.610000000000001	-1.180524	26.69775
15.620000000000001	-1.181024	22.9934
15.63	-1.181524	33.27291
15.64	-1.182024	18.40226
15.65	-1.182524	28.18486
15.66	-1.183024	24.43341
15.67	-1.183524	35.24717
15.68	-1.184024	28.76354
15.69	-1.184524	12.88003
15.700000000000001	-1.185024	36.77813
15.71	-1.185524	25.25879
15.72	-1.186024	40.62246
15.73	-1.186525	26.22825
15.74	-1.187024	32.12846
15.75	-1.187525	26.1706
15.76	-1.188025	20.87372
15.77	-1.188524	21.19181
15.780000000000001	-1.189025	37.49455
15.790000000000001	-1.189525	23.26662
15.8	-1.190025	15.92758
15.81	-1.190525	30.83907
15.82	-1.191025	22.14307
15.83	-1.191525	33.8057
15.84	-1.192025	26.27646
15.85	-1.192525	48.72178
15.860000000000001	-1.193025	26.58636
15.870000000000001	-1.193525	7.952871
15.88	-1.194025	25.22959
15.89	-1.194525	22.61232
15.9	-1.195025	32.37683
15.91	-1.195525	23.82095
15.92	-1.196025	23.52059
15.93	-1.196525	23.66269
15.94	-1.197025	26.67061
15.950000000000001	-1.197525	22.27313
15.96	-1.198025	35.90023
15.97	-1.198525	23.27154
15.98	-1.199025	29.34762
15.99	-1.199525	27.6666
16.0	-1.199975	41.55829
16.01	-1.199475	28.69116
16.02	-1.198975	26.35867
16.03	-1.198475	28.56663
16.04	-1.197975	30.97426
16.05	-1.197475	26.50917
16.06	-1.196975	48.51358
16.07	-1.196475	26.58342
16.080000000000002	-1.195975	17.8676
16.09	-1.195475	31.14193
16.1	-1.194975	35.04124
16.11	-1.194475	30.17775
16.12	-1.193975	36.17282
16.13	-1.193475	25.31593
16.14	-1.192975	26.06439
16.15	-1.192475	19.62071
16.16	-1.191975	28.24947
16.17	-1.191475	32.33632
16.18	-1.190975	24.35404
16.19	-1.190475	39.514
16.2	-1.189975	24.95796
16.21	-1.189475	36.25704
16.22	-1.188975	18.94712
16.23	-1.188475	37.23412
16.240000000000002	-1.187975	23.95359
16.25	-1.187474	30.17018
16.26	-1.186975	12.67901
16.27	-1.186474	22.37468
16.28	-1.185974	55.18911
16.29	-1.185474	24.7088
16.3	-1.184974	38.91493
16.31	-1.184474	17.59514
16.32	-1.183974	29.95039
16.330000000000002	-1.183474	18.69987
16.34	-1.182974	27.4052
16.35	-1.182474	20.60381
16.36	-1.181974	23.79999
16.37	-1.181474	34.40916
16.38	-1.180974	16.12678
16.39	-1.180474	29.60152
16.4	-1.179974	29.71788
16.41	-1.179474	25.79385
16.42	-1.178974	35.91618
16.43	-1.178474	18.45158
16.44	-1.177974	27.18926
16.45	-1.177474	44.93826
16.46	-1.176974	22.42952
16.47	-1.176474	28.7646
16.48	-1.175974	19.27177
16.490000000000002	-1.175474	23.9474
16.5	-1.174974	42.83415
16.51	-1.174474	20.90729
16.52	-1.173974	21.38009
16.53	-1.173474	26.90042
16.54	-1.172974	30.90586
16.55	-1.172474	19.68048
16.56	-1.171974	27.96006
16.57	-1.171474	28.64067
16.580000000000002	-1.170974	29.31138
16.59	-1.170474	19.69709
16.6	-1.169974	26.59513
16.61	-1.169474	37.49968
16.62	-1.168974	55.04653
16.63	-1.168474	23.48212
16.64	-1.167974	26.92861
16.65	-1.167474	32.65522
16.66	-1.166974	20.91371
16.67	-1.166474	27.00446
16.68	-1.165974	29.10532
16.69	-1.165474	18.39828
16.7	-1.164974	24.64209
16.71	-1.164474	36.61757
16.72	-1.163974	23.25517
16.73	-1.163474	31.99492
16.740000000000002	-1.162974	18.04211
16.75	-1.162474	37.17753
16.76	-1.161974	23.78125
16.77	-1.161474	26.20286
16.78	-1.160974	24.19156
16.79	-1.160474	27.99566
16.8	-1.159974	29.65601
16.81	-1.159474	34.7202
16.82	-1.158974	15.88472
16.830000000000002	-1.158474	25.53573
16.84	-1.157974	43.31621
16.85	-1.157474	25.50838
16.86	-1.156974	35.12135
16.87	-1.156474	25.38589
16.88	-1.155974	27.37703
16.89	-1.155473	25.18453
16.9	-1.154974	30.57334
16.91	-1.154474	20.2764
16.92	-1.153973	31.99054
16.93	-1.153474	47.53581
16.94	-1.152973	27.06217
16.95	-1.152473	31.20019
16.96	-1.151973	35.45545
16.97	-1.151473	20.54909
16.98	-1.150973	28.49499
16.990000000000002	-1.150473	39.13955
17.0	-1.149973	47.00912
17.01	-1.149473	29.86141
17.02	-1.148973	21.9293
17.03	-1.148473	14.6684
17.04	-1.147973	26.11223
17.05	-1.147473	32.84132
17.06	-1.146973	21.74606
17.07	-1.146473	24.9287
17.080000000000002	-1.145973	31.12718
17.09	-1.145473	37.16626
17.1	-1.144973	17.31187
17.11	-1.144473	22.73937
17.12	-1.143973	30.17356
17.13	-1.143473	35.69598
17.14	-1.142973	43.52885
17.150000000000002	-1.142473	8.950988
17.16	-1.141973	23.4821
17.17	-1.141473	19.38073
17.18	-1.140973	23.16668
17.19	-1.140473	27.55765
17.2	-1.139973	26.35914
17.21	-1.139473	25.1146
17.22	-1.138973	25.69411
17.23	-1.138473	27.16587
17.240000000000002	-1.137973	37.00298
17.25	-1.137473	27.87854
17.26	-1.136973	19.34084
17.27	-1.136473	25.68914
17.28	-1.135973	31.24047
17.29	-1.135473	27.15495
17.3	-1.134973	48.24565
17.31	-1.134473	25.67387
17.32	-1.133973	23.81196
17.330000000000002	-1.133473	28.56507
17.34	-1.132973	36.24127
17.35	-1.132473	40.38726
17.36	-1.131973	25.16134
17.37	-1.131473	21.97486
17.38	-1.130973	34.10693
17.39	-1.130473	33.59782
17.400000000000002	-1.129973	33.72559
17.41	-1.129473	27.62979
17.42	-1.128973	30.94839
17.43	-1.128473	28.45824
17.44	-1.127973	41.90247
17.45	-1.127473	15.42291
17.46	-1.126973	24.89642
17.47	-1.126473	28.27227
17.48	-1.125973	30.65786
17.490000000000002	-1.125473	29.01439
17.5	-1.124973	32.76909
17.51	-1.124473	37.30001
17.52	-1.123973	40.53925
17.53	-1.123473	33.15032
17.54	-1.122972	23.43157
17.55	-1.122473	30.20326
17.56	-1.121972	29.36456
17.57	-1.121472	29.5568
17.580000000000002	-1.120972	26.15132
17.59	-1.120472	33.16679
17.6	-1.119972	36.46936
17.61	-1.119472	30.3182
17.62	-1.118972	27.26836
17.63	-1.118472	38.52499
17.64	-1.117972	20.57574
17.650000000000002	-1.117472	16.73836
17.66	-1.116972	24.87412
17.67	-1.116472	23.48195
17.68	-1.115972	27.3026
17.69	-1.115472	35.63394
17.7	-1.114972	33.51446
17.71	-1.114472	29.92725
17.72	-1.113972	36.80917
17.73	-1.113472	27.11017
17.740000000000002	-1.112972	33.45455
17.75	-1.112472	32.67611
17.76	-1.111972	58.65359
17.77	-1.111472	31.09356
17.78	-1.110972	30.81079
17.79	-1.110472	29.79363
17.8	-1.109972	23.39311
17.81	-1.109472	22.62313
17.82	-1.108972	21.68301
17.830000000000002	-1.108472	20.89025
17.84	-1.107972	19.97335
17.85	-1.107472	34.8952
17.86	-1.106972	16.27489
17.87	-1.106472	30.07704
17.88	-1.105972	40.64697
17.89	-1.105472	58.32928
17.900000000000002	-1.104972	8.747034
17.91	-1.104472	29.56963
17.92	-1.103972	31.42122
17.93	-1.103472	27.55173
17.94	-1.102972	36.32978
17.95	-1.102472	38.50525
17.96	-1.101972	32.21611
17.97	-1.101472	33.44458
17.98	-1.100972	26.76223
17.990000000000002	-1.100472	32.53243
18.0	-1.099972	28.75369
18.01	-1.099472	24.96943
18.02	-1.098972	29.75659
18.03	-1.098472	33.44761
18.04	-1.097972	28.35471
18.05	-1.097472	29.13117
18.06	-1.096972	32.14624
18.07	-1.096472	31.50908
18.080000000000002	-1.095972	30.05934
18.09	-1.095472	27.99972
18.1	-1.094972	27.84324
18.11	-1.094472	22.59715
18.12	-1.093972	20.51628
18.13	-1.093472	44.64341
18.14	-1.092972	33.30774
18.150000000000002	-1.092472	24.27365
18.16	-1.091972	22.55414
18.17	-1.091472	30.11141
18.18	-1.090971	36.71962
18.19	-1.090472	29.27284
18.2	-1.089972	25.83092
18.21	-1.089471	21.6711
18.22	-1.088971	43.82802
18.23	-1.088471	30.09921
18.240000000000002	-1.087971	21.95436
18.25	-1.087471	40.50254
18.26	-1.086971	44.50597
18.27	-1.086471	29.44866
18.28	-1.085971	38.44705
18.29	-1.085471	33.46873
18.3	-1.084971	24.36015
18.31	-1.084471	29.08698
18.32	-1.083971	28.08866
18.330000000000002	-1.083471	27.25144
18.34	-1.082971	19.82424
18.35	-1.082471	35.60458
18.36	-1.081971	29.84243
18.37	-1.081471	23.61623
18.38	-1.080971	31.42699
18.39	-1.080471	32.40748
18.400000000000002	-1.079971	29.31291
18.41	-1.079471	24.10742
18.42	-1.078971	39.3104
18.43	-1.078471	27.48015
18.44	-1.077971	31.38243
18.45	-1.077471	21.97926
18.46	-1.076971	26.27667
18.47	-1.076471	34.62969
18.48	-1.075971	26.42152
18.490000000000002	-1.075471	26.12275
18.5	-1.074971	13.71113
18.51	-1.074471	26.09999
18.52	-1.073971	37.60129
18.53	-1.073471	32.29505
18.54	-1.072971	29.17722
18.55	-1.072471	20.10321
18.56	-1.071971	25.76076
18.57	-1.071471	31.46617
18.580000000000002	-1.070971	30.84818
18.59	-1.070471	28.99927
18.6	-1.069971	25.92789
18.61	-1.069471	41.23843
18.62	-1.068971	38.21124
18.63	-1.068471	33.49133
18.64	-1.067971	17.8495
18.650000000000002	-1.067471	31.53187
18.66	-1.066971	21.73413
18.67	-1.066471	35.85829
18.68	-1.065971	25.39373
18.69	-1.065471	31.36578
18.7	-1.064971	31.48675
18.71	-1.064471	21.05073
18.72	-1.063971	42.3335
18.73	-1.063471	27.65294
18.740000000000002	-1.062971	29.3865
18.75	-1.062471	33.45939
18.76	-1.061971	27.49608
18.77	-1.061471	14.81229
18.78	-1.060971	30.73663
18.79	-1.060471	26.09908
18.8	-1.059971	46.63623
18.81	-1.059471	28.89443
18.82	-1.058971	38.18447
18.830000000000002	-1.05847	33.94882
18.84	-1.057971	47.0269
18.85	-1.05747	29.62992
18.86	-1.05697	32.6722
18.87	-1.056471	32.42896
18.88	-1.05597	17.21331
18.89	-1.05547	29.57194
18.900000000000002	-1.05497	13.57588
18.91	-1.05447	35.64455
18.92	-1.05397	29.0134
18.93	-1.05347	38.84481
18.94	-1.05297	30.10994
18.95	-1.05247	27.7106
18.96	-1.05197	43.44926
18.97	-1.05147	29.74818
18.98	-1.05097	18.23505
18.990000000000002	-1.05047	29.50441
19.0	-1.04997	18.54182
19.01	-1.04947	33.99146
19.02	-1.04897	29.83251
19.03	-1.04847	33.08467
19.04	-1.04797	37.85453
19.05	-1.04747	1.373676
19.06	-1.04697	29.57875
19.07	-1.04647	41.45
19.080000000000002	-1.04597	29.43951
19.09	-1.04547	59.97562
19.1	-1.04497	31.13136
19.11	-1.04447	29.03453
19.12	-1.04397	19.74931
19.13	-1.04347	31.72629
19.14	-1.04297	32.43002
19.150000000000002	-1.04247	28.38463
19.16	-1.04197	30.30157
19.17	-1.04147	32.71884
19.18	-1.04097	36.57714
19.19	-1.04047	14.89093
19.2	-1.03997	31.06719
19.21	-1.03947	34.80096
19.22	-1.03897	28.03881
19.23	-1.03847	33.07487
19.240000000000002	-1.03797	25.69177
19.25	-1.03747	42.21801
19.26	-1.03697	27.78856
19.27	-1.03647	66.77601
19.28	-1.03597	30.35798
19.29	-1.03547	46.10899
19.3	-1.03497	20.39886
19.31	-1.03447	33.75174
19.32	-1.03397	8.88672
19.330000000000002	-1.03347	29.67087
19.34	-1.03297	26.18759
19.35	-1.03247	31.50588
19.36	-1.03197	39.35077
19.37	-1.03147	24.53666
19.38	-1.03097	35.82962
19.39	-1.03047	21.77875
19.400000000000002	-1.02997	32.91978
19.41	-1.02947	57.0167
19.42	-1.02897	30.77868
19.43	-1.02847	33.16894
19.44	-1.02797	24.51867
19.45	-1.02747	31.07006
19.46	-1.02697	38.74032
19.47	-1.026469	28.08984
19.48	-1.02597	31.62361
19.490000000000002	-1.02547	24.69659
19.5	-1.024969	29.46322
19.51	-1.024469	25.32884
19.52	-1.023969	43.21158
19.53	-1.023469	29.53855
19.54	-1.022969	32.37445
19.55	-1.022469	68.9739
19.56	-1.021969	30.34347
19.57	-1.021469	55.2003
19.580000000000002	-1.020969	31.7007
19.59	-1.020469	34.16172
19.6	-1.019969	24.79296
19.61	-1.019469	30.70319
19.62	-1.018969	35.43244
19.63	-1.018469	10.90557
19.64	-1.017969	28.59901
19.650000000000002	-1.017469	35.27949
19.66	-1.016969	11.22168
19.67	-1.016469	29.19695
19.68	-1.015969	29.83641
19.69	-1.015469	27.30893
19.7	-1.014969	32.35128
19.71	-1.014469	38.16487
19.72	-1.013969	32.67011
19.73	-1.013469	50.22483
19.740000000000002	-1.012969	22.42626
19.75	-1.012469	28.14429
19.76	-1.011969	32.35813
19.77	-1.011469	31.74409
19.78	-1.010969	34.63349
19.79	-1.010469	19.97908
19.8	-1.009969	3.641756
19.81	-1.009469	26.26658
19.82	-1.008969	26.3362
19.830000000000002	-1.008469	25.07181
19.84	-1.007969	30.12014
19.85	-1.007469	33.18375
19.86	-1.006969	31.85172
19.87	-1.006469	29.57399
19.88	-1.005969	36.41651
19.89	-1.005469	44.38452
19.900000000000002	-1.004969	61.42811
19.91	-1.004469	18.68033
19.92	-1.003969	33.52139
19.93	-1.003469	36.09087
19.94	-1.002969	5.474994
19.95	-1.002469	30.77805
19.96	-1.001969	40.94897
19.97	-1.001469	22.88436
19.98	-1.000969	29.31434
19.990000000000002	-1.000469	49.5951
20.0	-0.999969	21.99141
20.01	-0.999469	30.82239
20.02	-0.998969	31.06298
20.03	-0.998469	32.24722
20.04	-0.997969	44.15595
20.05	-0.997469	66.81083
20.06	-0.996969	38.9448
20.07	-0.996469	-7.466803
20.080000000000002	-0.995969	34.30005
20.09	-0.995469	25.80894
20.1	-0.994969	30.4567
20.11	-0.994469	32.38668
20.12	-0.993969	41.75042
20.13	-0.993469	42.73726
20.14	-0.992969	5.4107
20.150000000000002	-0.992469	28.67493
20.16	-0.991968	29.6723
20.17	-0.991468	31.2647
20.18	-0.990968	33.05907
20.19	-0.990468	35.54825
20.2	-0.989968	38.70708
20.21	-0.989468	23.51369
20.22	-0.988968	29.69144
20.23	-0.988468	30.0862
20.240000000000002	-0.987968	32.88895
20.25	-0.987468	54.73273
20.26	-0.986968	43.61124
20.27	-0.986468	50.08572
20.28	-0.985968	43.95688
20.29	-0.985468	28.35578
20.3	-0.984968	26.19579
20.31	-0.984468	31.06947
20.32	-0.983968	30.14191
20.330000000000002	-0.983468	29.35123
20.34	-0.982968	30.59289
20.35	-0.982468	34.64721
20.36	-0.981968	32.33266
20.37	-0.981468	31.25431
20.38	-0.980968	28.84655
20.39	-0.980468	20.57508
20.400000000000002	-0.979968	36.81593
20.41	-0.979468	51.27979
20.42	-0.978968	31.2748
20.43	-0.978468	-0.152577
20.44	-0.977968	-8.979707
20.45	-0.977468	1.17012
20.46	-0.976968	10.62422
20.47	-0.976468	22.22274
20.48	-0.975968	26.72401
20.490000000000002	-0.975468	29.61856
20.5	-0.974968	32.16112
20.51	-0.974468	29.79044
20.52	-0.973968	30.63411
20.53	-0.973468	29.36471
20.54	-0.972968	32.46789
20.55	-0.972468	28.55467
20.56	-0.971968	31.69674
20.57	-0.971468	30.53106
20.580000000000002	-0.970968	31.78993
20.59	-0.970468	29.09856
20.6	-0.969968	27.44821
20.61	-0.969468	31.70023
20.62	-0.968968	34.11625
20.63	-0.968468	38.14652
20.64	-0.967968	36.83714
20.650000000000002	-0.967468	39.09975
20.66	-0.966968	31.27986
20.67	-0.966468	34.00693
20.68	-0.965968	32.50319
20.69	-0.965468	36.39455
20.7	-0.964968	32.38719
20.71	-0.964468	31.70583
20.72	-0.963968	33.7765
20.73	-0.963468	35.78186
20.740000000000002	-0.962968	34.49475
20.75	-0.962468	46.5781
20.76	-0.961968	41.80195
20.77	-0.961468	34.88943
20.78	-0.960968	49.49966
20.79	-0.960467	36.35824
20.8	-0.959968	30.11173
20.81	-0.959468	38.34443
20.82	-0.958967	32.3
20.830000000000002	-0.958467	47.12244
20.84	-0.957967	56.40764
20.85	-0.957467	45.6109
20.86	-0.956967	38.33102
20.87	-0.956467	34.85418
20.88	-0.955967	29.11806
20.89	-0.955467	30.58108
20.900000000000002	-0.954967	25.49034
20.91	-0.954467	32.03071
20.92	-0.953967	35.07421
20.93	-0.953467	33.81419
20.94	-0.952967	8.941948
20.95	-0.952467	39.86293
20.96	-0.951967	36.88147
20.97	-0.951467	35.68272
20.98	-0.950967	29.67713
20.990000000000002	-0.950467	23.33869
21.0	-0.949967	43.55959
21.01	-0.949467	32.90356
21.02	-0.948967	31.40524
21.03	-0.948467	1.431416
21.04	-0.947967	43.96622
21.05	-0.947467	34.272
21.06	-0.946967	15.65336
21.07	-0.946467	29.07457
21.080000000000002	-0.945967	36.53334
21.09	-0.945467	23.80824
21.1	-0.944967	22.58247
21.11	-0.944467	52.06564
21.12	-0.943967	37.05101
21.13	-0.943467	34.94596
21.14	-0.942967	33.06077
21.150000000000002	-0.942467	31.10001
21.16	-0.941967	31.54783
21.17	-0.941467	22.49746
21.18	-0.940967	23.03563
21.19	-0.940467	25.5725
21.2	-0.939967	27.63141
21.21	-0.939467	24.30582
21.22	-0.938967	26.18871
21.23	-0.938467	31.60683
21.240000000000002	-0.937967	30.85249
21.25	-0.937467	22.93474
21.26	-0.936967	7.7325
21.27	-0.936467	39.6785
21.28	-0.935967	32.21416
21.29	-0.935467	33.9463
21.3	-0.934967	30.58937
21.31	-0.934467	12.30891
21.32	-0.933967	25.52335
21.330000000000002	-0.933467	26.98591
21.34	-0.932967	40.17724
21.35	-0.932467	33.2402
21.36	-0.931967	45.93229
21.37	-0.931467	32.07416
21.38	-0.930967	41.72116
21.39	-0.930467	40.3045
21.400000000000002	-0.929967	36.5681
21.41	-0.929467	34.72575
21.42	-0.928967	30.02076
21.43	-0.928467	33.71985
21.44	-0.927967	31.38874
21.45	-0.927466	25.65053
21.46	-0.926966	66.03435
21.47	-0.926466	28.3155
21.48	-0.925966	36.63933
21.490000000000002	-0.925466	31.35183
21.5	-0.924966	31.00306
21.51	-0.924466	31.74825
21.52	-0.923966	2.469048
21.53	-0.923466	33.42432
21.54	-0.922966	33.50916
21.55	-0.922466	37.80656
21.56	-0.921966	38.11306
21.57	-0.921466	32.17373
21.580000000000002	-0.920966	34.44177
21.59	-0.920466	37.99217
21.6	-0.919966	42.61611
21.61	-0.919466	36.50177
21.62	-0.918966	37.92393
21.63	-0.918466	40.33908
21.64	-0.917966	33.93975
21.650000000000002	-0.917466	38.6973
21.66	-0.916966	47.65485
21.67	-0.916466	35.4251
21.68	-0.915966	35.29428
21.69	-0.915466	34.49508
21.7	-0.914966	26.20187
21.71	-0.914466	34.85323
21.72	-0.913966	41.06351
21.73	-0.913466	28.45686
21.740000000000002	-0.912966	37.49587
21.75	-0.912466	33.59686
21.76	-0.911966	20.87893
21.77	-0.911466	32.94284
21.78	-0.910966	32.12915
21.79	-0.910466	29.19725
21.8	-0.909966	58.4042
21.81	-0.909466	41.38063
21.82	-0.908966	31.98927
21.830000000000002	-0.908466	34.09654
21.84	-0.907966	28.37523
21.85	-0.907466	23.89281
21.86	-0.906966	41.00564
21.87	-0.906466	32.59069
21.88	-0.905966	30.4477
21.89	-0.905466	49.93925
21.900000000000002	-0.904966	34.79804
21.91	-0.904466	38.51583
21.92	-0.903966	33.42786
21.93	-0.903466	28.78564
21.94	-0.902966	37.57001
21.95	-0.902466	36.11924
21.96	-0.901966	33.13764
21.97	-0.901466	24.64605
21.98	-0.900966	41.0118
21.990000000000002	-0.900466	33.89014
22.0	-0.899966	34.32523
22.01	-0.899466	26.18615
22.02	-0.898966	48.29119
22.03	-0.898466	29.76057
22.04	-0.897966	70.41941
22.05	-0.897466	35.09887
22.06	-0.896966	33.75023
22.07	-0.896466	30.05599
22.080000000000002	-0.895965	49.98649
22.09	-0.895466	57.88162
22.1	-0.894966	40.06561
22.11	-0.894465	34.29556
22.12	-0.893965	0.380006
22.13	-0.893465	37.49306
22.14	-0.892965	31.85856
22.150000000000002	-0.892465	42.79162
22.16	-0.891965	35.16632
22.17	-0.891465	60.78362
22.18	-0.890965	36.4702
22.19	-0.890465	4.367907
22.2	-0.889965	35.52102
22.21	-0.889465	31.06376
22.22	-0.888965	34.96912
22.23	-0.888465	35.02999
22.240000000000002	-0.887965	25.71057
22.25	-0.887465	42.65018
22.26	-0.886965	31.8473
22.27	-0.886465	58.49082
22.28	-0.885965	36.12705
22.29	-0.885465	31.33884
22.3	-0.884965	35.35078
22.31	-0.884465	29.93527
22.32	-0.883965	34.99666
22.330000000000002	-0.883465	33.91821
22.34	-0.882965	50.60492
22.35	-0.882465	40.12302
22.36	-0.881965	31.68612
22.37	-0.881465	45.93187
22.38	-0.880965	34.09369
22.39	-0.880465	33.57369
22.400000000000002	-0.879965	38.35036
22.41	-0.879465	40.21208
22.42	-0.878965	33.59952
22.43	-0.878465	36.69517
22.44	-0.877965	34.71291
22.45	-0.877465	28.60369
22.46	-0.876965	51.94084
22.47	-0.876465	34.7378
22.48	-0.875965	27.44931
22.490000000000002	-0.875465	36.34571
22.5	-0.874965	35.26186
22.51	-0.874465	44.48533
22.52	-0.873965	42.75188
22.53	-0.873465	34.27097
22.54	-0.872965	24.47276
22.55	-0.872465	42.33968
22.56	-0.871965	37.05405
22.57	-0.871465	32.36681
22.580000000000002	-0.870965	25.95698
22.59	-0.870465	41.49238
22.6	-0.869965	34.03549
22.61	-0.869465	46.75368
22.62	-0.868965	34.66408
22.63	-0.868465	23.92302
22.64	-0.867965	46.60512
22.650000000000002	-0.867465	33.81495
22.66	-0.866965	59.43537
22.67	-0.866465	41.7738
22.68	-0.865965	35.0864
22.69	-0.865465	21.85285
22.7	-0.864965	37.32647
22.71	-0.864465	37.04445
22.72	-0.863965	27.15668
22.73	-0.863465	43.55278
22.740000000000002	-0.862964	34.80947
22.75	-0.862464	8.217866
22.76	-0.861964	32.43351
22.77	-0.861464	25.91465
22.78	-0.860964	40.07343
22.79	-0.860464	32.05208
22.8	-0.859964	34.83594
22.81	-0.859464	44.58353
22.82	-0.858964	33.54264
22.830000000000002	-0.858464	30.82752
22.84	-0.857964	40.31931
22.85	-0.857464	33.83555
22.86	-0.856964	29.56833
22.87	-0.856464	43.71043
22.88	-0.855964	34.50017
22.89	-0.855464	34.2115
22.900000000000002	-0.854964	52.12384
22.91	-0.854464	33.30182
22.92	-0.853964	30.99364
22.93	-0.853464	61.75828
22.94	-0.852964	37.41182
22.95	-0.852464	32.08424
22.96	-0.851964	44.85966
22.97	-0.851464	37.94145
22.98	-0.850964	31.60775
22.990000000000002	-0.850464	45.64323
23.0	-0.849964	33.25058
23.01	-0.849464	12.97966
23.02	-0.848964	44.53864
23.03	-0.848464	30.90692
23.04	-0.847964	35.25526
23.05	-0.847464	32.43257
23.06	-0.846964	46.00944
23.07	-0.846464	32.82571
23.080000000000002	-0.845964	44.85104
23.09	-0.845464	26.20434
23.1	-0.844964	36.00998
23.11	-0.844464	43.16804
23.12	-0.843964	28.10288
23.13	-0.843464	35.12151
23.14	-0.842964	13.08039
23.150000000000002	-0.842464	38.91163
23.16	-0.841964	19.65482
23.17	-0.841464	37.98401
23.18	-0.840964	30.26013
23.19	-0.840464	38.42942
23.2	-0.839964	12.3116
23.21	-0.839464	31.95069
23.22	-0.838964	31.85673
23.23	-0.838464	43.76845
23.240000000000002	-0.837964	33.99415
23.25	-0.837464	41.7996
23.26	-0.836964	32.91056
23.27	-0.836464	37.06682
23.28	-0.835964	41.74224
23.29	-0.835464	25.93653
23.3	-0.834964	34.56058
23.31	-0.834464	18.727
23.32	-0.833964	34.53869
23.330000000000002	-0.833464	48.36089
23.34	-0.832964	32.91967
23.35	-0.832464	37.79868
23.36	-0.831964	51.35695
23.37	-0.831464	28.64958
23.38	-0.830964	37.30063
23.39	-0.830464	28.32166
23.400000000000002	-0.829963	35.57188
23.41	-0.829463	36.78691
23.42	-0.828963	12.71233
23.43	-0.828463	38.15558
23.44	-0.827963	52.35581
23.45	-0.827463	34.14189
23.46	-0.826963	35.63104
23.47	-0.826463	31.58733
23.48	-0.825963	40.049
23.490000000000002	-0.825463	3.865659
23.5	-0.824963	30.84717
23.51	-0.824463	31.06232
23.52	-0.823963	51.99139
23.53	-0.823463	31.81997
23.54	-0.822963	36.78221
23.55	-0.822463	34.00225
23.56	-0.821963	9.684005
23.57	-0.821463	33.27471
23.580000000000002	-0.820963	43.60859
23.59	-0.820463	36.89757
23.6	-0.819963	25.6781
23.61	-0.819463	31.89903
23.62	-0.818963	41.44479
23.63	-0.818463	31.25381
23.64	-0.817963	38.9489
23.650000000000002	-0.817463	49.08257
23.66	-0.816963	37.46174
23.67	-0.816463	34.69256
23.68	-0.815963	33.64161
23.69	-0.815463	46.22516
23.7	-0.814963	36.16146
23.71	-0.814463	44.52202
23.72	-0.813963	33.36154
23.73	-0.813463	30.96276
23.740000000000002	-0.812963	35.52884
23.75	-0.812463	36.28872
23.76	-0.811963	36.05593
23.77	-0.811463	48.91872
23.78	-0.810963	33.61272
23.79	-0.810463	39.88994
23.8	-0.809963	30.71622
23.81	-0.809463	35.3245
23.82	-0.808963	41.97563
23.830000000000002	-0.808463	25.97246
23.84	-0.807963	35.08463
23.85	-0.807463	42.94442
23.86	-0.806963	43.76685
23.87	-0.806463	15.28479
23.88	-0.805963	35.05566
23.89	-0.805463	36.44545
23.900000000000002	-0.804963	40.00087
23.91	-0.804463	29.85609
23.92	-0.803963	33.08085
23.93	-0.803463	36.65666
23.94	-0.802963	42.49313
23.95	-0.802463	24.33447
23.96	-0.801963	33.71283
23.97	-0.801463	45.56794
23.98	-0.800963	58.90686
23.990000000000002	-0.800463	35.34195
24.0	-0.799963	47.14396
24.01	-0.799463	29.51546
24.02	-0.798963	35.34076
24.03	-0.798462	50.53947
24.04	-0.797962	34.06111
24.05	-0.797462	33.95663
24.060000000000002	-0.796962	46.17826
24.07	-0.796462	28.10042
24.080000000000002	-0.795962	37.23927
24.09	-0.795462	46.20583
24.1	-0.794962	28.31777
24.11	-0.794462	34.14162
24.12	-0.793962	37.0786
24.13	-0.793462	51.05679
24.14	-0.792962	34.92978
24.150000000000002	-0.792462	45.83495
24.16	-0.791962	28.45873
24.17	-0.791462	36.89984
24.18	-0.790962	36.72605
24.19	-0.790462	32.67463
24.2	-0.789962	33.77069
24.21	-0.789462	41.31078
24.22	-0.788962	17.91517
24.23	-0.788462	32.96096
24.240000000000002	-0.787962	37.49417
24.25	-0.787462	42.2631
24.26	-0.786962	28.57714
24.27	-0.786462	32.85334
24.28	-0.785962	34.97591
24.29	-0.785462	37.18436
24.3	-0.784962	40.42887
24.310000000000002	-0.784462	47.73172
24.32	-0.783962	23.11585
24.330000000000002	-0.783462	35.64067
24.34	-0.782962	39.20338
24.35	-0.782462	36.77288
24.36	-0.781962	38.25817
24.37	-0.781462	28.00931
24.38	-0.780962	32.82733
24.39	-0.780462	33.0836
24.400000000000002	-0.779962	37.00089
24.41	-0.779462	37.30707
24.42	-0.778962	39.19184
24.43	-0.778462	53.19767
24.44	-0.777962	13.47011
24.45	-0.777462	31.76107
24.46	-0.776962	38.60014
24.47	-0.776462	43.26469
24.48	-0.775962	41.46388
24.490000000000002	-0.775462	27.49979
24.5	-0.774962	33.52008
24.51	-0.774462	36.20103
24.52	-0.773962	37.40771
24.53	-0.773462	40.6185
24.54	-0.772962	39.48033
24.55	-0.772462	38.02459
24.560000000000002	-0.771962	39.15488
24.57	-0.771462	37.79818
24.580000000000002	-0.770962	35.77438
24.59	-0.770462	42.56995
24.6	-0.769962	47.77659
24.61	-0.769462	43.96132
24.62	-0.768962	50.13869
24.63	-0.768462	25.44593
24.64	-0.767962	31.4728
24.650000000000002	-0.767462	29.15038
24.66	-0.766962	31.30252
24.67	-0.766462	35.2981
24.68	-0.765961	37.30924
24.69	-0.765461	40.71346
24.7	-0.764961	38.60641
24.71	-0.764461	40.1515
24.72	-0.763961	36.88174
24.73	-0.763461	36.15588
24.740000000000002	-0.762961	33.14569
24.75	-0.762461	37.41901
24.76	-0.761961	40.80054
24.77	-0.761461	34.73693
24.78	-0.760961	56.07121
24.79	-0.760461	18.23196
24.8	-0.759961	33.96122
24.810000000000002	-0.759461	34.66799
24.82	-0.758961	39.78302
24.830000000000002	-0.758461	41.49777
24.84	-0.757961	38.3727
24.85	-0.757461	35.50131
24.86	-0.756961	37.17049
24.87	-0.756461	33.5131
24.88	-0.755961	36.07153
24.89	-0.755461	42.90365
24.900000000000002	-0.754961	34.65709
24.91	-0.754461	34.2887
24.92	-0.753961	37.15667
24.93	-0.753461	31.53736
24.94	-0.752961	20.49906
24.95	-0.752461	34.85609
24.96	-0.751961	47.55596
24.97	-0.751461	36.61755
24.98	-0.750961	41.2578
24.990000000000002	-0.750461	38.74388
25.0	-0.749961	38.64163
25.01	-0.749461	38.61126
25.02	-0.748961	39.60893
25.03	-0.748461	35.23387
25.04	-0.747961	35.38727
25.05	-0.747461	34.37474
25.060000000000002	-0.746961	27.47199
25.07	-0.746461	42.70312
25.080000000000002	-0.745961	42.17463
25.09	-0.745461	41.05219
25.1	-0.744961	40.54028
25.11	-0.744461	35.1303
25.12	-0.743961	32.84475
25.13	-0.743461	23.17272
25.14	-0.742961	43.66389
25.150000000000002	-0.742461	43.50052
25.16	-0.741961	37.37657
25.17	-0.741461	39.02906
25.18	-0.740961	38.90963
25.19	-0.740461	17.51951
25.2	-0.739961	32.80695
25.21	-0.739461	35.39282
25.22	-0.738961	40.42445
25.23	-0.738461	32.55139
25.240000000000002	-0.737961	35.6403
25.25	-0.737461	32.43258
25.26	-0.736961	43.11161
25.27	-0.736461	48.40743
25.28	-0.735961	36.9492
25.29	-0.735461	36.2966
25.3	-0.734961	45.67789
25.310000000000002	-0.734461	38.59394
25.32	-0.73396	32.21287
25.330000000000002	-0.73346	41.95938
25.34	-0.73296	40.98532
25.35	-0.73246	30.70909
25.36	-0.73196	48.94517
25.37	-0.73146	49.62798
25.38	-0.73096	40.33706
25.39	-0.73046	35.58442
25.400000000000002	-0.72996	32.89915
25.41	-0.72946	26.48147
25.42	-0.72896	38.15516
25.43	-0.72846	48.52115
25.44	-0.72796	54.12144
25.45	-0.72746	40.79834
25.46	-0.72696	43.82087
25.47	-0.72646	39.55447
25.48	-0.72596	37.7577
25.490000000000002	-0.72546	30.26733
25.5	-0.72496	38.38111
25.51	-0.72446	36.53941
25.52	-0.72396	27.86821
25.53	-0.72346	44.16269
25.54	-0.72296	36.79685
25.55	-0.72246	35.53028
25.560000000000002	-0.72196	27.01341
25.57	-0.72146	20.66536
25.580000000000002	-0.72096	49.7314
25.59	-0.72046	42.81366
25.6	-0.71996	27.66881
25.61	-0.71946	37.85722
25.62	-0.71896	38.23092
25.63	-0.71846	26.46362
25.64	-0.71796	41.37633
25.650000000000002	-0.71746	37.72552
25.66	-0.71696	31.04278
25.67	-0.71646	32.70535
25.68	-0.71596	44.59679
25.69	-0.71546	36.33059
25.7	-0.71496	27.10759
25.71	-0.71446	37.38941
25.72	-0.71396	38.27525
25.73	-0.71346	13.74447
25.740000000000002	-0.71296	45.28695
25.75	-0.71246	38.93369
25.76	-0.71196	41.9483
25.77	-0.71146	38.68948
25.78	-0.71096	36.59683
25.79	-0.71046	11.54932
25.8	-0.70996	47.57966
25.810000000000002	-0.70946	36.83151
25.82	-0.70896	49.92049
25.830000000000002	-0.70846	43.61108
25.84	-0.70796	37.44219
25.85	-0.70746	33.58185
25.86	-0.70696	45.49552
25.87	-0.70646	35.09657
25.88	-0.70596	50.40806
25.89	-0.70546	36.12696
25.900000000000002	-0.70496	28.10127
25.91	-0.70446	42.49627
25.92	-0.70396	39.88907
25.93	-0.70346	28.76595
25.94	-0.70296	48.19123
25.95	-0.70246	36.90804
25.96	-0.70196	22.50127
25.97	-0.701459	48.3045
25.98	-0.700959	47.47471
25.990000000000002	-0.700459	38.29203
26.0	-0.699959	34.43575
26.01	-0.699459	45.82377
26.02	-0.698959	39.71476
26.03	-0.698459	34.1227
26.04	-0.697959	46.85224
26.05	-0.697459	35.72088
26.060000000000002	-0.696959	35.17025
26.07	-0.696459	42.51464
26.080000000000002	-0.695959	26.40296
26.09	-0.695459	47.00502
26.1	-0.694959	34.12565
26.11	-0.694459	45.89295
26.12	-0.693959	40.25221
26.13	-0.693459	37.69682
26.14	-0.692959	38.19141
26.150000000000002	-0.692459	30.37225
26.16	-0.691959	43.13335
26.17	-0.691459	24.9065
26.18	-0.690959	56.56664
26.19	-0.690459	36.14058
26.2	-0.689959	34.07374
26.21	-0.689459	43.60197
26.22	-0.688959	45.72092
26.23	-0.688459	40.18457
26.240000000000002	-0.687959	38.43731
26.25	-0.687459	41.22963
26.26	-0.686959	42.99843
26.27	-0.686459	37.71351
26.28	-0.685959	39.2486
26.29	-0.685459	34.37719
26.3	-0.684959	38.9146
26.310000000000002	-0.684459	27.47611
26.32	-0.683959	35.97515
26.330000000000002	-0.683459	50.74802
26.34	-0.682959	36.77567
26.35	-0.682459	32.64189
26.36	-0.681959	36.61916
26.37	-0.681459	31.6709
26.38	-0.680959	37.53889
26.39	-0.680459	42.7979
26.400000000000002	-0.679959	35.89141
26.41	-0.679459	40.01009
26.42	-0.678959	37.37059
26.43	-0.678459	38.14132
26.44	-0.677959	36.08817
26.45	-0.677459	57.69474
26.46	-0.676959	30.76467
26.47	-0.676459	42.24496
26.48	-0.675959	31.22532
26.490000000000002	-0.675459	45.14947
26.5	-0.674959	38.28617
26.51	-0.674459	37.05953
26.52	-0.673959	38.79308
26.53	-0.673459	26.84584
26.54	-0.672959	37.06702
26.55	-0.672459	39.89621
26.560000000000002	-0.671959	39.39046
26.57	-0.671459	40.93021
26.580000000000002	-0.670959	35.61281
26.59	-0.670459	40.67481
26.6	-0.669959	18.71969
26.61	-0.669458	40.68262
26.62	-0.668958	32.85112
26.63	-0.668458	36.11664
26.64	-0.667958	52.36165
26.650000000000002	-0.667458	39.47465
26.66	-0.666958	46.04981
26.67	-0.666458	32.97445
26.68	-0.665958	36.4507
26.69	-0.665458	42.83986
26.7	-0.664958	36.68378
26.71	-0.664458	49.95067
26.72	-0.663958	40.72165
26.73	-0.663458	43.82422
26.740000000000002	-0.662958	54.36976
26.75	-0.662458	35.38689
26.76	-0.661958	41.16537
26.77	-0.661458	39.57153
26.78	-0.660958	40.89138
26.79	-0.660458	39.70487
26.8	-0.659958	30.98879
26.810000000000002	-0.659458	34.38835
26.82	-0.658958	44.21749
26.830000000000002	-0.658458	43.81696
26.84	-0.657958	33.55091
26.85	-0.657458	26.99164
26.86	-0.656958	40.18837
26.87	-0.656458	28.5273
26.88	-0.655958	37.61411
26.89	-0.655458	25.44254
26.900000000000002	-0.654958	41.57212
26.91	-0.654458	32.06623
26.92	-0.653958	36.34878
26.93	-0.653458	29.28271
26.94	-0.652958	43.47305
26.95	-0.652458	31.48478
26.96	-0.651958	47.49495
26.97	-0.651458	23.43599
26.98	-0.650958	35.53469
26.990000000000002	-0.650458	36.34619
27.0	-0.649958	42.63004
27.01	-0.649458	32.89716
27.02	-0.648958	43.71204
27.03	-0.648458	21.73548
27.04	-0.647958	42.49487
27.05	-0.647458	52.35398
27.060000000000002	-0.646958	36.15017
27.07	-0.646458	34.53815
27.080000000000002	-0.645958	41.59756
27.09	-0.645458	38.77451
27.1	-0.644958	40.19896
27.11	-0.644458	28.16644
27.12	-0.643958	42.61321
27.13	-0.643458	31.96379
27.14	-0.642958	38.32611
27.150000000000002	-0.642458	37.93558
27.16	-0.641958	35.90805
27.17	-0.641458	44.20309
27.18	-0.640958	40.27888
27.19	-0.640458	35.96286
27.2	-0.639958	45.33878
27.21	-0.639458	46.82295
27.22	-0.638958	36.34512
27.23	-0.638458	41.4363
27.240000000000002	-0.637958	41.31356
27.25	-0.637458	33.43973
27.26	-0.636957	36.67087
27.27	-0.636457	34.29062
27.28	-0.635957	40.53366
27.29	-0.635457	36.79174
27.3	-0.634957	29.67595
27.310000000000002	-0.634457	35.82678
27.32	-0.633957	45.09984
27.330000000000002	-0.633457	22.9334
27.34	-0.632957	40.7262
27.35	-0.632457	42.89128
27.36	-0.631957	33.96339
27.37	-0.631457	47.47851
27.38	-0.630957	29.23769
27.39	-0.630457	38.23588
27.400000000000002	-0.629957	41.23341
27.41	-0.629457	50.96218
27.42	-0.628957	45.40946
27.43	-0.628457	36.05151
27.44	-0.627957	40.91274
27.45	-0.627457	51.071
27.46	-0.626957	54.54217
27.47	-0.626457	31.5966
27.48	-0.625957	38.38746
27.490000000000002	-0.625457	45.43135
27.5	-0.624957	43.6661
27.51	-0.624457	41.28748
27.52	-0.623957	13.57099
27.53	-0.623457	35.23331
27.54	-0.622957	38.64503
27.55	-0.622457	44.94952
27.560000000000002	-0.621957	51.33482
27.57	-0.621457	35.56148
27.580000000000002	-0.620957	41.55153
27.59	-0.620457	48.99374
27.6	-0.619957	24.61576
27.61	-0.619457	37.55688
27.62	-0.618957	40.18976
27.63	-0.618457	44.11356
27.64	-0.617957	32.71708
27.650000000000002	-0.617457	37.88225
27.66	-0.616957	41.53552
27.67	-0.616457	39.71345
27.68	-0.615957	38.35374
27.69	-0.615457	43.18859
27.7	-0.614957	44.82027
27.71	-0.614457	46.04045
27.72	-0.613957	36.50178
27.73	-0.613457	45.76137
27.740000000000002	-0.612957	43.75614
27.75	-0.612457	34.23884
27.76	-0.611957	42.68666
27.77	-0.611457	43.36886
27.78	-0.610957	41.26522
27.79	-0.610457	39.11618
27.8	-0.609957	37.53699
27.810000000000002	-0.609457	38.49992
27.82	-0.608957	39.13416
27.830000000000002	-0.608457	40.14582
27.84	-0.607957	38.24718
27.85	-0.607457	35.13451
27.86	-0.606957	34.98882
27.87	-0.606457	35.94631
27.88	-0.605957	40.02641
27.89	-0.605457	47.76733
27.900000000000002	-0.604956	43.47369
27.91	-0.604457	37.99506
27.92	-0.603956	36.64826
27.93	-0.603456	36.18469
27.94	-0.602956	31.02851
27.95	-0.602456	51.60936
27.96	-0.601956	29.35904
27.97	-0.601456	41.80821
27.98	-0.600956	44.56761
27.990000000000002	-0.600456	40.75827
28.0	-0.599956	35.56264
28.01	-0.599456	22.06884
28.02	-0.598956	38.12865
28.03	-0.598456	35.39824
28.04	-0.597956	41.47272
28.05	-0.597456	38.10595
28.060000000000002	-0.596956	47.77964
28.07	-0.596456	33.91684
28.080000000000002	-0.595956	34.81695
28.09	-0.595456	37.04556
28.1	-0.594956	37.72592
28.11	-0.594456	38.35779
28.12	-0.593956	48.24812
28.13	-0.593456	48.81927
28.14	-0.592956	42.83462
28.150000000000002	-0.592456	35.27829
28.16	-0.591956	19.11053
28.17	-0.591456	34.54451
28.18	-0.590956	40.06614
28.19	-0.590456	49.37938
28.2	-0.589956	47.51321
28.21	-0.589456	47.30943
28.22	-0.588956	40.99937
28.23	-0.588456	41.83942
28.240000000000002	-0.587956	29.5397
28.25	-0.587456	38.24664
28.26	-0.586956	34.32078
28.27	-0.586456	46.81618
28.28	-0.585956	38.93039
28.29	-0.585456	29.9708
28.3	-0.584956	25.84014
28.310000000000002	-0.584456	41.82241
28.32	-0.583956	47.37276
28.330000000000002	-0.583456	34.48048
28.34	-0.582956	28.6509
28.35	-0.582456	19.67161
28.36	-0.581956	46.71359
28.37	-0.581456	48.24595
28.38	-0.580956	43.05371
28.39	-0.580456	40.18298
28.400000000000002	-0.579956	36.29214
28.41	-0.579456	41.11966
28.42	-0.578956	47.54639
28.43	-0.578456	43.60634
28.44	-0.577956	38.04504
28.45	-0.577456	32.51197
28.46	-0.576956	47.50758
28.47	-0.576456	38.15314
28.48	-0.575956	41.43556
28.490000000000002	-0.575456	37.65257
28.5	-0.574956	42.37894
28.51	-0.574456	32.11205
28.52	-0.573956	22.9765
28.53	-0.573456	37.07283
28.54	-0.572956	41.25275
28.55	-0.572455	31.41767
28.560000000000002	-0.571955	42.08886
28.57	-0.571455	40.87777
28.580000000000002	-0.570955	41.61842
28.59	-0.570455	36.42008
28.6	-0.569955	25.11256
28.61	-0.569455	45.65695
28.62	-0.568955	30.42463
28.63	-0.568455	42.8423
28.64	-0.567955	39.17952
28.650000000000002	-0.567455	37.77237
28.66	-0.566955	37.1281
28.67	-0.566455	41.12744
28.68	-0.565955	39.81107
28.69	-0.565455	40.56211
28.7	-0.564955	40.90451
28.71	-0.564455	50.16959
28.72	-0.563955	29.2518
28.73	-0.563455	44.90698
28.740000000000002	-0.562955	50.47374
28.75	-0.562455	43.08813
28.76	-0.561955	39.52648
28.77	-0.561455	36.72205
28.78	-0.560955	39.66307
28.79	-0.560455	52.79583
28.8	-0.559955	43.09223
28.810000000000002	-0.559455	40.85991
28.82	-0.558955	34.89951
28.830000000000002	-0.558455	40.5093
28.84	-0.557955	32.23243
28.85	-0.557455	40.92102
28.86	-0.556955	41.28937
28.87	-0.556455	42.85973
28.88	-0.555955	35.64148
28.89	-0.555455	49.46271
28.900000000000002	-0.554955	46.133
28.91	-0.554455	43.56493
28.92	-0.553955	30.63922
28.93	-0.553455	30.34646
28.94	-0.552955	45.74665
28.95	-0.552455	41.60125
28.96	-0.551955	31.99524
28.97	-0.551455	34.48845
28.98	-0.550955	41.98436
28.990000000000002	-0.550455	42.32566
29.0	-0.549955	40.39116
29.01	-0.549455	31.67105
29.02	-0.548955	36.67451
29.03	-0.548455	39.57536
29.04	-0.547955	37.10478
29.05	-0.547455	36.82349
29.060000000000002	-0.546955	29.63955
29.07	-0.546455	41.45063
29.080000000000002	-0.545955	39.3768
29.09	-0.545455	45.50678
29.1	-0.544955	39.84781
29.11	-0.544455	36.53266
29.12	-0.543955	32.75704
29.13	-0.543455	39.96039
29.14	-0.542955	38.75259
29.150000000000002	-0.542455	36.34256
29.16	-0.541955	38.19286
29.17	-0.541455	49.89943
29.18	-0.540955	37.62321
29.19	-0.540454	42.26889
29.2	-0.539955	37.10701
29.21	-0.539454	35.11689
29.22	-0.538954	45.16782
29.23	-0.538454	39.22731
29.240000000000002	-0.537954	51.30635
29.25	-0.537454	36.58122
29.26	-0.536954	40.48236
29.27	-0.536454	42.26802
29.28	-0.535954	44.23821
29.29	-0.535454	30.17758
29.3	-0.534954	43.59535
29.310000000000002	-0.534454	41.4922
29.32	-0.533954	46.17178
29.330000000000002	-0.533454	33.56354
29.34	-0.532954	39.59489
29.35	-0.532454	39.12249
29.36	-0.531954	42.21563
29.37	-0.531454	40.79002
29.38	-0.530954	40.0202
29.39	-0.530454	46.81968
29.400000000000002	-0.529954	38.15281
29.41	-0.529454	25.62395
29.42	-0.528954	44.20232
29.43	-0.528454	38.166
29.44	-0.527954	52.17586
29.45	-0.527454	44.60029
29.46	-0.526954	39.93242
29.47	-0.526454	26.32499
29.48	-0.525954	39.64186
29.490000000000002	-0.525454	34.2733
29.5	-0.524954	43.97544
29.51	-0.524454	40.09239
29.52	-0.523954	42.10378
29.53	-0.523454	34.95555
29.54	-0.522954	52.06163
29.55	-0.522454	42.58842
29.560000000000002	-0.521954	53.82636
29.57	-0.521454	44.02127
29.580000000000002	-0.520954	42.30699
29.59	-0.520454	46.30595
29.6	-0.519954	38.77436
29.61	-0.519454	49.12748
29.62	-0.518954	42.44102
29.63	-0.518454	42.43578
29.64	-0.517954	43.54554
29.650000000000002	-0.517454	42.97496
29.66	-0.516954	49.35115
29.67	-0.516454	31.85613
29.68	-0.515954	44.93626
29.69	-0.515454	39.36106
29.7	-0.514954	36.74409
29.71	-0.514454	31.33285
29.72	-0.513954	40.02486
29.73	-0.513454	50.46163
29.740000000000002	-0.512954	35.74469
29.75	-0.512454	43.77323
29.76	-0.511954	32.60977
29.77	-0.511454	39.47667
29.78	-0.510954	45.99852
29.79	-0.510454	23.90224
29.8	-0.509954	40.73668
29.810000000000002	-0.509454	43.66187
29.82	-0.508954	39.42173
29.830000000000002	-0.508454	35.77375
29.84	-0.507953	45.86652
29.85	-0.507453	33.18707
29.86	-0.506953	37.19276
29.87	-0.506453	42.8816
29.88	-0.505953	38.83546
29.89	-0.505453	32.38153
29.900000000000002	-0.504953	44.32202
29.91	-0.504453	34.40134
29.92	-0.503953	42.92391
29.93	-0.503453	24.25133
29.94	-0.502953	53.12435
29.95	-0.502453	48.73545
29.96	-0.501953	41.97614
29.97	-0.501453	44.467
29.98	-0.500953	28.73339
29.990000000000002	-0.500453	39.56408
30.0	-0.499953	34.90884
30.01	-0.499453	36.49723
30.02	-0.498953	42.40411
30.03	-0.498453	41.1171
30.04	-0.497953	49.02192
30.05	-0.497453	48.72965
30.060000000000002	-0.496953	44.58974
30.07	-0.496453	28.45136
30.080000000000002	-0.495953	42.03506
30.09	-0.495453	47.81515
30.1	-0.494953	36.04549
30.11	-0.494453	39.32838
30.12	-0.493953	42.15461
30.13	-0.493453	44.00041
30.14	-0.492953	41.17873
30.150000000000002	-0.492453	47.34779
30.16	-0.491953	34.5472
30.17	-0.491453	44.47272
30.18	-0.490953	49.04757
30.19	-0.490453	43.05712
30.2	-0.489953	42.85247
30.21	-0.489453	52.74646
30.22	-0.488953	40.98367
30.23	-0.488453	42.91754
30.240000000000002	-0.487953	46.01107
30.25	-0.487453	38.00816
30.26	-0.486953	47.16173
30.27	-0.486453	29.65429
30.28	-0.485953	41.14707
30.29	-0.485453	46.83227
30.3	-0.484953	38.57881
30.310000000000002	-0.484453	45.27935
30.32	-0.483953	27.53196
30.330000000000002	-0.483453	45.07403
30.34	-0.482953	41.48351
30.35	-0.482453	42.76031
30.36	-0.481953	41.8395
30.37	-0.481453	41.76403
30.38	-0.480953	49.38483
30.39	-0.480453	28.80738
30.400000000000002	-0.479953	45.70388
30.41	-0.479453	32.30335
30.42	-0.478953	41.38187
30.43	-0.478453	51.65497
30.44	-0.477953	42.15593
30.45	-0.477453	44.41676
30.46	-0.476953	43.03402
30.47	-0.476453	29.95066
30.48	-0.475952	41.21288
30.490000000000002	-0.475452	35.60284
30.5	-0.474952	39.96704
30.51	-0.474452	45.42196
30.52	-0.473952	39.18656
30.53	-0.473452	39.52161
30.54	-0.472952	39.8285
30.55	-0.472452	39.32936
30.560000000000002	-0.471952	44.91515
30.57	-0.471452	42.47723
30.580000000000002	-0.470952	38.77357
30.59	-0.470452	37.25916
30.6	-0.469952	34.19022
30.61	-0.469452	42.76798
30.62	-0.468952	53.43421
30.63	-0.468452	32.5323
30.64	-0.467952	41.10433
30.650000000000002	-0.467452	55.87009
30.66	-0.466952	39.02037
30.67	-0.466452	40.31417
30.68	-0.465952	53.24403
30.69	-0.465452	37.57719
30.7	-0.464952	34.54316
30.71	-0.464452	45.1654
30.72	-0.463952	62.56825
30.73	-0.463452	44.89806
30.740000000000002	-0.462952	55.55168
30.75	-0.462452	43.71922
30.76	-0.461952	42.07263
30.77	-0.461452	50.19612
30.78	-0.460952	41.78045
30.79	-0.460452	46.87289
30.8	-0.459952	42.12948
30.810000000000002	-0.459452	44.71105
30.82	-0.458952	33.01949
30.830000000000002	-0.458452	39.78209
30.84	-0.457952	37.06202
30.85	-0.457452	43.75221
30.86	-0.456952	47.94606
30.87	-0.456452	28.35666
30.88	-0.455952	41.45837
30.89	-0.455452	46.26926
30.900000000000002	-0.454952	37.6617
30.91	-0.454452	47.94727
30.92	-0.453952	49.62205
30.93	-0.453452	41.88822
30.94	-0.452952	46.08523
30.95	-0.452452	41.1988
30.96	-0.451952	33.37059
30.970000000000002	-0.451452	42.22985
30.98	-0.450952	51.42524
30.990000000000002	-0.450452	49.26674
31.0	-0.449952	41.40067
31.01	-0.449452	31.78651
31.02	-0.448952	42.34583
31.03	-0.448452	42.57478
31.04	-0.447952	48.01244
31.05	-0.447452	50.90974
31.060000000000002	-0.446952	30.42946
31.07	-0.446452	42.00802
31.080000000000002	-0.445952	46.29927
31.09	-0.445452	31.72733
31.1	-0.444952	37.83648
31.11	-0.444452	46.36875
31.12	-0.443952	37.57034
31.13	-0.443451	47.63637
31.14	-0.442951	45.41336
31.150000000000002	-0.442451	44.22433
31.16	-0.441951	42.53952
31.17	-0.441451	44.02611
31.18	-0.440951	53.58296
31.19	-0.440451	44.81201
31.2	-0.439951	49.67991
31.21	-0.439451	42.56398
31.220000000000002	-0.438951	35.05156
31.23	-0.438451	41.8335
31.240000000000002	-0.437951	41.43193
31.25	-0.437451	42.39087
31.26	-0.436951	42.42636
31.27	-0.436451	40.34967
31.28	-0.435951	44.04938
31.29	-0.435451	42.65505
31.3	-0.434951	50.74297
31.310000000000002	-0.434451	41.55383
31.32	-0.433951	50.32191
31.330000000000002	-0.433451	46.27801
31.34	-0.432951	30.93986
31.35	-0.432451	43.68071
31.36	-0.431951	48.69448
31.37	-0.431451	46.30703
31.38	-0.430951	41.2569
31.39	-0.430451	39.43807
31.400000000000002	-0.429951	59.81953
31.41	-0.429451	29.67723
31.42	-0.428951	52.33784
31.43	-0.428451	31.26894
31.44	-0.427951	41.58632
31.45	-0.427451	44.64352
31.46	-0.426951	45.44051
31.470000000000002	-0.426451	48.24368
31.48	-0.425951	40.23746
31.490000000000002	-0.425451	49.36374
31.5	-0.424951	42.28079
31.51	-0.424451	46.14202
31.52	-0.423951	34.89161
31.53	-0.423451	34.58009
31.54	-0.422951	44.08892
31.55	-0.422451	44.35613
31.560000000000002	-0.421951	47.13709
31.57	-0.421451	52.4594
31.580000000000002	-0.420951	38.82135
31.59	-0.420451	45.28922
31.6	-0.419951	38.42111
31.61	-0.419451	41.47319
31.62	-0.418951	38.32096
31.63	-0.418451	41.36254
31.64	-0.417951	44.328
31.650000000000002	-0.417451	49.0142
31.66	-0.416951	33.44004
31.67	-0.416451	39.95036
31.68	-0.415951	43.46984
31.69	-0.415451	40.86137
31.7	-0.414951	41.79155
31.71	-0.414451	40.63637
31.720000000000002	-0.413951	37.75089
31.73	-0.413451	34.55347
31.740000000000002	-0.412951	36.74378
31.75	-0.412451	38.76534
31.76	-0.411951	39.39378
31.77	-0.41145	40.19979
31.78	-0.41095	40.55985
31.79	-0.41045	38.41663
31.8	-0.40995	38.47163
31.810000000000002	-0.40945	40.58475
31.82	-0.40895	41.14403
31.830000000000002	-0.40845	43.52316
31.84	-0.40795	46.57716
31.85	-0.40745	44.97013
31.86	-0.40695	41.52836
31.87	-0.40645	49.12002
31.88	-0.40595	47.54318
31.89	-0.40545	42.98978
31.900000000000002	-0.40495	42.26207
31.91	-0.40445	50.9557
31.92	-0.40395	47.84953
31.93	-0.40345	43.47466
31.94	-0.40295	43.86778
31.95	-0.40245	44.82824
31.96	-0.40195	47.96169
31.970000000000002	-0.40145	48.42671
31.98	-0.40095	46.10988
31.990000000000002	-0.40045	48.83952
